1 0 8338 
2 8339 12372 
3 12373 15399 
4 15400 28082 
5 28083 32464 
6 32465 34658 
7 34659 36874 
8 36875 37315 
9 37316 38514 
10 38515 48374 
11 48375 69949 
12 69950 70627 
13 70628 73948 
14 73949 77614 
15 77615 78841 
16 78842 79718 
17 79719 85254 
18 85255 86262 
19 86263 86989 
20 86990 97623 
21 97624 98812 
22 98813 116325 
23 116326 125600 
24 125601 128271 
25 128272 132055 
26 132056 133239 
27 133240 137645 
28 137646 143396 
29 143397 144281 
30 144282 144986 
31 144987 147049 
32 147050 155042 
33 155043 158085 
34 158086 159751 
35 159752 160121 
36 160122 161473 
37 161474 163510 
38 163511 167131 
39 167132 172878 
40 172879 174021 
41 174022 176977 
42 176978 178008 
43 178009 179120 
44 179121 180017 
45 180018 185338 
46 185339 186094 
47 186095 190286 
48 190287 190463 
49 190464 199124 
50 199125 202509 
51 202510 203931 
52 203932 205078 
53 205079 211271 
54 211272 215165 
55 215166 216237 
56 216238 218984 
57 218985 221459 
58 221460 223035 
59 223036 226912 
60 226913 239544 
61 239545 240762 
62 240763 244600 
63 244601 247989 
64 247990 249169 
65 249170 250074 
66 250075 253853 
67 253854 260519 
68 260520 261912 
69 261913 263200 
70 263201 264426 
71 264427 266648 
72 266649 268590 
73 268591 270170 
74 270171 271746 
75 271747 272716 
76 272717 274179 
77 274180 274796 
78 274797 281631 
79 281632 289568 
80 289569 290866 
81 290867 291770 
82 291771 296264 
83 296265 298498 
84 298499 299487 
85 299488 305742 
86 305743 307308 
87 307309 314608 
88 314609 316584 
89 316585 322769 
90 322770 326542 
91 326543 327745 
92 327746 335870 
93 335871 342519 
94 342520 351870 
95 351871 355295 
96 355296 357276 
97 357277 360459 
98 360460 365017 
99 365018 366490 
100 366491 371386 
101 371387 379024 
102 379025 384156 
103 384157 394974 
104 394975 396625 
105 396626 403712 
106 403713 407195 
107 407196 414929 
108 414930 415247 
109 415248 420262 
110 420263 422573 
111 422574 425471 
112 425472 429125 
113 429126 429652 
114 429653 430346 
115 430347 435799 
116 435800 437098 
117 437099 439043 
118 439044 441468 
119 441469 444933 
120 444934 448011 
121 448012 449912 
122 449913 454564 
123 454565 464529 
124 464530 464930 
125 464931 467926 
126 467927 471205 
127 471206 476342 
128 476343 479904 
129 479905 485963 
130 485964 495633 
131 495634 497524 
132 497525 498970 
133 498971 501910 
134 501911 507307 
135 507308 510779 
136 510780 512551 
137 512552 516744 
138 516745 517913 
139 517914 527185 
140 527186 531581 
141 531582 533961 
142 533962 537340 
143 537341 538987 
144 538988 540282 
145 540283 541574 
146 541575 546077 
147 546078 548789 
148 548790 557176 
149 557177 564765 
150 564766 569885 
151 569886 572740 
152 572741 579658 
153 579659 580636 
154 580637 583225 
155 583226 585597 
156 585598 587364 
157 587365 589470 
158 589471 589819 
159 589820 595523 
160 595524 595874 
161 595875 597788 
162 597789 604248 
163 604249 609936 
164 609937 612274 
165 612275 615154 
166 615155 623910 
167 623911 627335 
168 627336 630202 
169 630203 638986 
170 638987 642862 
171 642863 646085 
172 646086 649556 
173 649557 650859 
174 650860 655102 
175 655103 655936 
176 655937 657512 
177 657513 662929 
178 662930 664832 
179 664833 666446 
180 666447 682115 
181 682116 687857 
182 687858 689923 
183 689924 692320 
184 692321 697520 
185 697521 701262 
186 701263 714854 
187 714855 718489 
188 718490 720140 
189 720141 723576 
190 723577 729963 
191 729964 732721 
192 732722 733099 
193 733100 737535 
194 737536 741883 
195 741884 744382 
196 744383 748904 
197 748905 750861 
198 750862 751437 
199 751438 752031 
200 752032 752937 
201 752938 755667 
202 755668 759889 
203 759890 769378 
204 769379 771400 
205 771401 774373 
206 774374 776253 
207 776254 778314 
208 778315 805200 
209 805201 806908 
210 806909 808500 
211 808501 813664 
212 813665 818969 
213 818970 821256 
214 821257 824469 
215 824470 829065 
216 829066 832624 
217 832625 835799 
218 835800 851098 
219 851099 855056 
220 855057 858491 
221 858492 868459 
222 868460 869946 
223 869947 871258 
224 871259 876921 
225 876922 887691 
226 887692 892761 
227 892762 896428 
228 896429 898453 
229 898454 899592 
230 899593 900095 
231 900096 901445 
232 901446 905927 
233 905928 908501 
234 908502 910266 
235 910267 918853 
236 918854 924954 
237 924955 929954 
238 929955 931764 
239 931765 938053 
240 938054 940845 
241 940846 943592 
242 943593 950898 
243 950899 952419 
244 952420 954313 
245 954314 956726 
246 956727 958233 
247 958234 959660 
248 959661 970380 
249 970381 977796 
250 977797 981009 
251 981010 983876 
252 983877 985584 
253 985585 990976 
254 990977 998991 
255 998992 1002012 
256 1002013 1002389 
257 1002390 1005874 
258 1005875 1010820 
259 1010821 1017535 
260 1017536 1018289 
261 1018290 1020490 
262 1020491 1024712 
263 1024713 1028082 
264 1028083 1030820 
265 1030821 1036284 
266 1036285 1041184 
267 1041185 1048362 
268 1048363 1049307 
269 1049308 1053055 
270 1053056 1054207 
271 1054208 1061386 
272 1061387 1064513 
273 1064514 1068716 
274 1068717 1073422 
275 1073423 1075559 
276 1075560 1081456 
277 1081457 1083518 
278 1083519 1085008 
279 1085009 1100146 
280 1100147 1109270 
281 1109271 1114511 
282 1114512 1115715 
283 1115716 1121237 
284 1121238 1122466 
285 1122467 1126902 
286 1126903 1131298 
287 1131299 1140888 
288 1140889 1142434 
289 1142435 1145734 
290 1145735 1161272 
291 1161273 1170690 
292 1170691 1174431 
293 1174432 1182138 
294 1182139 1195750 
295 1195751 1199365 
296 1199366 1213298 
297 1213299 1218527 
298 1218528 1224666 
299 1224667 1228060 
300 1228061 1234736 
301 1234737 1244756 
302 1244757 1246736 
303 1246737 1250216 
304 1250217 1252357 
305 1252358 1255852 
306 1255853 1258601 
307 1258602 1262181 
308 1262182 1263600 
309 1263601 1273549 
310 1273550 1275504 
311 1275505 1280283 
312 1280284 1282496 
313 1282497 1283833 
314 1283834 1291580 
315 1291581 1298185 
316 1298186 1302461 
317 1302462 1311872 
318 1311873 1318117 
319 1318118 1323665 
320 1323666 1326342 
321 1326343 1331825 
322 1331826 1342098 
323 1342099 1346224 
324 1346225 1352200 
325 1352201 1356649 
326 1356650 1358755 
327 1358756 1361983 
328 1361984 1370665 
329 1370666 1372273 
330 1372274 1377820 
331 1377821 1381671 
332 1381672 1385555 
333 1385556 1387972 
334 1387973 1388140 
335 1388141 1389795 
336 1389796 1397002 
337 1397003 1401258 
338 1401259 1403494 
339 1403495 1405056 
340 1405057 1407928 
341 1407929 1411267 
342 1411268 1413863 
343 1413864 1418915 
344 1418916 1419927 
345 1419928 1420897 
346 1420898 1423834 
347 1423835 1431276 
348 1431277 1438737 
349 1438738 1439758 
350 1439759 1445618 
351 1445619 1447127 
352 1447128 1449278 
353 1449279 1453934 
354 1453935 1455476 
355 1455477 1458638 
356 1458639 1460362 
357 1460363 1461319 
358 1461320 1463773 
359 1463774 1464239 
360 1464240 1466836 
361 1466837 1471844 
362 1471845 1473313 
363 1473314 1475975 
364 1475976 1479943 
365 1479944 1481016 
366 1481017 1481943 
367 1481944 1483378 
368 1483379 1484377 
369 1484378 1485852 
370 1485853 1486482 
371 1486483 1487163 
372 1487164 1490799 
373 1490800 1491436 
374 1491437 1494381 
375 1494382 1502056 
376 1502057 1504410 
377 1504411 1505722 
378 1505723 1508690 
379 1508691 1509658 
380 1509659 1512158 
381 1512159 1514309 
382 1514310 1515477 
383 1515478 1516331 
384 1516332 1519809 
385 1519810 1522678 
386 1522679 1523961 
387 1523962 1532096 
388 1532097 1533366 
389 1533367 1535238 
390 1535239 1536025 
391 1536026 1537534 
392 1537535 1538965 
393 1538966 1539707 
394 1539708 1541962 
395 1541963 1551420 
396 1551421 1555170 
397 1555171 1562381 
398 1562382 1563473 
399 1563474 1564334 
400 1564335 1573208 
401 1573209 1584284 
402 1584285 1593339 
403 1593340 1609146 
404 1609147 1617697 
405 1617698 1625940 
406 1625941 1633112 
407 1633113 1644210 
408 1644211 1663514 
409 1663515 1676846 
410 1676847 1682135 
411 1682136 1682432 
412 1682433 1683069 
413 1683070 1686043 
414 1686044 1693181 
415 1693182 1693522 
416 1693523 1694840 
417 1694841 1698077 
418 1698078 1699963 
419 1699964 1708931 
420 1708932 1716747 
421 1716748 1725097 
422 1725098 1729581 
423 1729582 1732054 
424 1732055 1735942 
425 1735943 1740830 
426 1740831 1747778 
427 1747779 1750996 
428 1750997 1753629 
429 1753630 1754097 
430 1754098 1754942 
431 1754943 1756369 
432 1756370 1762837 
433 1762838 1763963 
434 1763964 1775219 
435 1775220 1781366 
436 1781367 1785598 
437 1785599 1811194 
438 1811195 1814737 
439 1814738 1819666 
440 1819667 1827859 
441 1827860 1837430 
442 1837431 1841872 
443 1841873 1848034 
444 1848035 1857423 
445 1857424 1870057 
446 1870058 1874523 
447 1874524 1885275 
448 1885276 1891365 
449 1891366 1896281 
450 1896282 1897840 
451 1897841 1901476 
452 1901477 1906054 
453 1906055 1909536 
454 1909537 1920056 
455 1920057 1929783 
456 1929784 1936426 
457 1936427 1942342 
458 1942343 1948721 
459 1948722 1954327 
460 1954328 1958229 
461 1958230 1961928 
462 1961929 1965229 
463 1965230 1968868 
464 1968869 1972007 
465 1972008 1984090 
466 1984091 1996743 
467 1996744 2000791 
468 2000792 2003434 
469 2003435 2008794 
470 2008795 2024520 
471 2024521 2028605 
472 2028606 2029141 
473 2029142 2030133 
474 2030134 2034328 
475 2034329 2038507 
476 2038508 2040394 
477 2040395 2053245 
478 2053246 2059735 
479 2059736 2068385 
480 2068386 2075939 
481 2075940 2086434 
482 2086435 2093248 
483 2093249 2101994 
484 2101995 2104137 
485 2104138 2112089 
486 2112090 2120180 
487 2120181 2123890 
488 2123891 2129447 
489 2129448 2139519 
490 2139520 2141860 
491 2141861 2155408 
492 2155409 2159871 
493 2159872 2160179 
494 2160180 2161510 
495 2161511 2164393 
496 2164394 2170885 
497 2170886 2178910 
498 2178911 2182395 
499 2182396 2187241 
500 2187242 2190515 
501 2190516 2192212 
502 2192213 2193015 
503 2193016 2194252 
504 2194253 2195230 
505 2195231 2197143 
506 2197144 2198250 
507 2198251 2199790 
508 2199791 2201412 
509 2201413 2203405 
510 2203406 2205020 
511 2205021 2212459 
512 2212460 2230645 
513 2230646 2234293 
514 2234294 2238442 
515 2238443 2241584 
516 2241585 2244944 
517 2244945 2255271 
518 2255272 2259075 
519 2259076 2260108 
520 2260109 2260813 
521 2260814 2262139 
522 2262140 2262923 
523 2262924 2264706 
524 2264707 2268972 
525 2268973 2270403 
526 2270404 2276460 
527 2276461 2283946 
528 2283947 2285739 
529 2285740 2289537 
530 2289538 2291990 
531 2291991 2296562 
532 2296563 2305220 
533 2305221 2310010 
534 2310011 2317793 
535 2317794 2322364 
536 2322365 2332162 
537 2332163 2334189 
538 2334190 2335628 
539 2335629 2337542 
540 2337543 2339222 
541 2339223 2341448 
542 2341449 2344164 
543 2344165 2346558 
544 2346559 2359660 
545 2359661 2361941 
546 2361942 2364018 
547 2364019 2366346 
548 2366347 2369197 
549 2369198 2379147 
550 2379148 2383648 
551 2383649 2390442 
552 2390443 2393886 
553 2393887 2397069 
554 2397070 2399712 
555 2399713 2405392 
556 2405393 2408272 
557 2408273 2413954 
558 2413955 2418520 
559 2418521 2432081 
560 2432082 2435726 
561 2435727 2438513 
562 2438514 2439925 
563 2439926 2447850 
564 2447851 2453334 
565 2453335 2465638 
566 2465639 2469274 
567 2469275 2471290 
568 2471291 2476534 
569 2476535 2482204 
570 2482205 2489904 
571 2489905 2499818 
572 2499819 2503253 
573 2503254 2506455 
574 2506456 2508407 
575 2508408 2511956 
576 2511957 2513798 
577 2513799 2515102 
578 2515103 2522276 
579 2522277 2523117 
580 2523118 2523879 
581 2523880 2525377 
582 2525378 2528467 
583 2528468 2530114 
584 2530115 2533966 
585 2533967 2535951 
586 2535952 2539811 
587 2539812 2540984 
588 2540985 2545677 
589 2545678 2548082 
590 2548083 2549689 
591 2549690 2551456 
592 2551457 2552746 
593 2552747 2554485 
594 2554486 2555848 
595 2555849 2558189 
596 2558190 2559983 
597 2559984 2563549 
598 2563550 2564302 
599 2564303 2565301 
600 2565302 2567038 
601 2567039 2568263 
602 2568264 2571834 
603 2571835 2577359 
604 2577360 2579385 
605 2579386 2582073 
606 2582074 2583365 
607 2583366 2588899 
608 2588900 2591330 
609 2591331 2592418 
610 2592419 2593479 
611 2593480 2594627 
612 2594628 2602360 
613 2602361 2603856 
614 2603857 2606485 
615 2606486 2607535 
616 2607536 2608779 
617 2608780 2613664 
618 2613665 2616500 
619 2616501 2617613 
620 2617614 2620207 
621 2620208 2621421 
622 2621422 2622143 
623 2622144 2624720 
624 2624721 2626002 
625 2626003 2626673 
626 2626674 2629499 
627 2629500 2630517 
628 2630518 2639075 
629 2639076 2641477 
630 2641478 2642894 
631 2642895 2644948 
632 2644949 2646737 
633 2646738 2652780 
634 2652781 2654650 
635 2654651 2656036 
636 2656037 2658957 
637 2658958 2662824 
638 2662825 2665294 
639 2665295 2667993 
640 2667994 2668828 
641 2668829 2670021 
642 2670022 2675329 
643 2675330 2678752 
644 2678753 2680645 
645 2680646 2686245 
646 2686246 2692835 
647 2692836 2693875 
648 2693876 2695185 
649 2695186 2695358 
650 2695359 2697375 
651 2697376 2698936 
652 2698937 2701671 
653 2701672 2702713 
654 2702714 2704477 
655 2704478 2705220 
656 2705221 2706906 
657 2706907 2709656 
658 2709657 2716354 
659 2716355 2718804 
660 2718805 2720138 
661 2720139 2721672 
662 2721673 2723166 
663 2723167 2723957 
664 2723958 2732726 
665 2732727 2738132 
666 2738133 2743598 
667 2743599 2748908 
668 2748909 2755466 
669 2755467 2757306 
670 2757307 2776534 
671 2776535 2783996 
672 2783997 2785622 
673 2785623 2786662 
674 2786663 2789473 
675 2789474 2791122 
676 2791123 2793627 
677 2793628 2797614 
678 2797615 2798818 
679 2798819 2799198 
680 2799199 2805557 
681 2805558 2807771 
682 2807772 2809392 
683 2809393 2812542 
684 2812543 2814201 
685 2814202 2827784 
686 2827785 2828159 
687 2828160 2829584 
688 2829585 2832390 
689 2832391 2834551 
690 2834552 2837213 
691 2837214 2855379 
692 2855380 2857320 
693 2857321 2858117 
694 2858118 2863388 
695 2863389 2865142 
696 2865143 2866452 
697 2866453 2868117 
698 2868118 2869107 
699 2869108 2870070 
700 2870071 2876831 
701 2876832 2880384 
702 2880385 2881210 
703 2881211 2883476 
704 2883477 2885481 
705 2885482 2888494 
706 2888495 2890895 
707 2890896 2920687 
708 2920688 2921584 
709 2921585 2923118 
710 2923119 2927949 
711 2927950 2928990 
712 2928991 2930428 
713 2930429 2931971 
714 2931972 2934187 
715 2934188 2935671 
716 2935672 2937032 
717 2937033 2939446 
718 2939447 2942458 
719 2942459 2946907 
720 2946908 2948494 
721 2948495 2949237 
722 2949238 2950527 
723 2950528 2952411 
724 2952412 2953715 
725 2953716 2955290 
726 2955291 2956377 
727 2956378 2958066 
728 2958067 2959501 
729 2959502 2960189 
730 2960190 2962692 
731 2962693 2964367 
732 2964368 2970300 
733 2970301 2972834 
734 2972835 2974059 
735 2974060 2975047 
736 2975048 2977556 
737 2977557 2978798 
738 2978799 2980921 
739 2980922 2982188 
740 2982189 2983318 
741 2983319 2985319 
742 2985320 2986628 
743 2986629 2988156 
744 2988157 2993203 
745 2993204 2995618 
746 2995619 3001055 
747 3001056 3002525 
748 3002526 3003610 
749 3003611 3006387 
750 3006388 3007814 
751 3007815 3010377 
752 3010378 3011459 
753 3011460 3012142 
754 3012143 3013537 
755 3013538 3017319 
756 3017320 3020363 
757 3020364 3023159 
758 3023160 3026336 
759 3026337 3028828 
760 3028829 3030041 
761 3030042 3031222 
762 3031223 3031931 
763 3031932 3033360 
764 3033361 3034243 
765 3034244 3037323 
766 3037324 3040319 
767 3040320 3043923 
768 3043924 3045488 
769 3045489 3050168 
770 3050169 3051734 
771 3051735 3052508 
772 3052509 3053588 
773 3053589 3054373 
774 3054374 3055361 
775 3055362 3060281 
776 3060282 3062352 
777 3062353 3064003 
778 3064004 3064918 
779 3064919 3066003 
780 3066004 3067055 
781 3067056 3071054 
782 3071055 3072377 
783 3072378 3074857 
784 3074858 3076786 
785 3076787 3077677 
786 3077678 3079294 
787 3079295 3084103 
788 3084104 3086242 
789 3086243 3091703 
790 3091704 3094081 
791 3094082 3102465 
792 3102466 3109687 
793 3109688 3111926 
794 3111927 3113224 
795 3113225 3114663 
796 3114664 3117148 
797 3117149 3119498 
798 3119499 3121537 
799 3121538 3124393 
800 3124394 3126270 
801 3126271 3129058 
802 3129059 3135803 
803 3135804 3141947 
804 3141948 3148660 
805 3148661 3155255 
806 3155256 3158974 
807 3158975 3166925 
808 3166926 3174483 
809 3174484 3177394 
810 3177395 3179003 
811 3179004 3181806 
812 3181807 3183220 
813 3183221 3186050 
814 3186051 3189306 
815 3189307 3190967 
816 3190968 3192287 
817 3192288 3196884 
818 3196885 3198436 
819 3198437 3199768 
820 3199769 3202058 
821 3202059 3205450 
822 3205451 3207327 
823 3207328 3208593 
824 3208594 3211235 
825 3211236 3218848 
826 3218849 3222021 
827 3222022 3225474 
828 3225475 3234156 
829 3234157 3237688 
830 3237689 3240317 
831 3240318 3242326 
832 3242327 3245685 
833 3245686 3248999 
834 3249000 3250880 
835 3250881 3252293 
836 3252294 3253882 
837 3253883 3260037 
838 3260038 3263040 
839 3263041 3265070 
840 3265071 3266731 
841 3266732 3269927 
842 3269928 3271722 
843 3271723 3275664 
844 3275665 3278181 
845 3278182 3281741 
846 3281742 3283287 
847 3283288 3284634 
848 3284635 3285971 
849 3285972 3287396 
850 3287397 3290842 
851 3290843 3293364 
852 3293365 3297104 
853 3297105 3299273 
854 3299274 3301461 
855 3301462 3303850 
856 3303851 3306020 
857 3306021 3308361 
858 3308362 3331434 
859 3331435 3334462 
860 3334463 3337880 
861 3337881 3343994 
862 3343995 3346877 
863 3346878 3349986 
864 3349987 3353196 
865 3353197 3358251 
866 3358252 3359663 
867 3359664 3362040 
868 3362041 3365259 
869 3365260 3367497 
870 3367498 3368384 
871 3368385 3370514 
872 3370515 3375392 
873 3375393 3379399 
874 3379400 3382215 
875 3382216 3385805 
876 3385806 3388236 
877 3388237 3393418 
878 3393419 3395760 
879 3395761 3399368 
880 3399369 3400295 
881 3400296 3405439 
882 3405440 3406697 
883 3406698 3407739 
884 3407740 3409581 
885 3409582 3416840 
886 3416841 3419979 
887 3419980 3422335 
888 3422336 3424802 
889 3424803 3427360 
890 3427361 3429088 
891 3429089 3431316 
892 3431317 3432684 
893 3432685 3433610 
894 3433611 3434569 
895 3434570 3435502 
896 3435503 3436443 
897 3436444 3437396 
898 3437397 3438340 
899 3438341 3439287 
900 3439288 3439895 
901 3439896 3440822 
902 3440823 3448710 
903 3448711 3454039 
904 3454040 3455146 
905 3455147 3456933 
906 3456934 3461496 
907 3461497 3468098 
908 3468099 3476095 
909 3476096 3479809 
910 3479810 3485137 
911 3485138 3486195 
912 3486196 3494858 
913 3494859 3500670 
914 3500671 3502527 
915 3502528 3506793 
916 3506794 3508540 
917 3508541 3510745 
918 3510746 3511815 
919 3511816 3514535 
920 3514536 3516495 
921 3516496 3519308 
922 3519309 3520079 
923 3520080 3523667 
924 3523668 3526053 
925 3526054 3527360 
926 3527361 3530572 
927 3530573 3532039 
928 3532040 3538216 
929 3538217 3540481 
930 3540482 3542421 
931 3542422 3547304 
932 3547305 3555689 
933 3555690 3560681 
934 3560682 3561592 
935 3561593 3562700 
936 3562701 3563986 
937 3563987 3566229 
938 3566230 3568403 
939 3568404 3570040 
940 3570041 3573366 
941 3573367 3575591 
942 3575592 3579322 
943 3579323 3582882 
944 3582883 3583123 
945 3583124 3596348 
946 3596349 3598585 
947 3598586 3600461 
948 3600462 3602703 
949 3602704 3605159 
950 3605160 3611355 
951 3611356 3619172 
952 3619173 3624225 
953 3624226 3629978 
954 3629979 3634355 
955 3634356 3636647 
956 3636648 3638945 
957 3638946 3646164 
958 3646165 3654456 
959 3654457 3654929 
960 3654930 3657526 
961 3657527 3660592 
962 3660593 3661538 
963 3661539 3663108 
964 3663109 3664840 
965 3664841 3665292 
966 3665293 3665579 
967 3665580 3665995 
968 3665996 3668366 
969 3668367 3670687 
970 3670688 3672424 
971 3672425 3677972 
972 3677973 3679815 
973 3679816 3683424 
974 3683425 3691351 
975 3691352 3695353 
976 3695354 3697533 
977 3697534 3698903 
978 3698904 3701732 
979 3701733 3703331 
980 3703332 3711421 
981 3711422 3712928 
982 3712929 3715535 
983 3715536 3718014 
984 3718015 3719058 
985 3719059 3719916 
986 3719917 3720574 
987 3720575 3721316 
988 3721317 3722094 
989 3722095 3724239 
990 3724240 3725777 
991 3725778 3726706 
992 3726707 3727394 
993 3727395 3728310 
994 3728311 3729444 
995 3729445 3730219 
996 3730220 3731957 
997 3731958 3734383 
998 3734384 3735447 
999 3735448 3737976 
1000 3737977 3740565 
1001 3740566 3743332 
1002 3743333 3744172 
1003 3744173 3747618 
1004 3747619 3749970 
1005 3749971 3754073 
1006 3754074 3757206 
1007 3757207 3762907 
1008 3762908 3766018 
1009 3766019 3766759 
1010 3766760 3768867 
1011 3768868 3773291 
1012 3773292 3773900 
1013 3773901 3779523 
1014 3779524 3780563 
1015 3780564 3786402 
1016 3786403 3787097 
1017 3787098 3788530 
1018 3788531 3789225 
1019 3789226 3792314 
1020 3792315 3798555 
1021 3798556 3799203 
1022 3799204 3802426 
1023 3802427 3806260 
1024 3806261 3807304 
1025 3807305 3808176 
1026 3808177 3809762 
1027 3809763 3811069 
1028 3811070 3813356 
1029 3813357 3815622 
1030 3815623 3817143 
1031 3817144 3818322 
1032 3818323 3821023 
1033 3821024 3823242 
1034 3823243 3824595 
1035 3824596 3826246 
1036 3826247 3827126 
1037 3827127 3827877 
1038 3827878 3831027 
1039 3831028 3832764 
1040 3832765 3834449 
1041 3834450 3836437 
1042 3836438 3838168 
1043 3838169 3841101 
1044 3841102 3842691 
1045 3842692 3845708 
1046 3845709 3846037 
1047 3846038 3846940 
1048 3846941 3847572 
1049 3847573 3849924 
1050 3849925 3850791 
1051 3850792 3852862 
1052 3852863 3854524 
1053 3854525 3855754 
1054 3855755 3856305 
1055 3856306 3857759 
1056 3857760 3860078 
1057 3860079 3861458 
1058 3861459 3863534 
1059 3863535 3865671 
1060 3865672 3867716 
1061 3867717 3868605 
1062 3868606 3870925 
1063 3870926 3872133 
1064 3872134 3876104 
1065 3876105 3877989 
1066 3877990 3879549 
1067 3879550 3883544 
1068 3883545 3883903 
1069 3883904 3884546 
1070 3884547 3886909 
1071 3886910 3890933 
1072 3890934 3894294 
1073 3894295 3894992 
1074 3894993 3898315 
1075 3898316 3899357 
1076 3899358 3901576 
1077 3901577 3904018 
1078 3904019 3909159 
1079 3909160 3910286 
1080 3910287 3924708 
1081 3924709 3925612 
1082 3925613 3926752 
1083 3926753 3933463 
1084 3933464 3939474 
1085 3939475 3948510 
1086 3948511 3960045 
1087 3960046 3961937 
1088 3961938 3968276 
1089 3968277 3973924 
1090 3973925 3983760 
1091 3983761 3991294 
1092 3991295 3997019 
1093 3997020 3998071 
1094 3998072 4002841 
1095 4002842 4012604 
1096 4012605 4017940 
1097 4017941 4020810 
1098 4020811 4022623 
1099 4022624 4024354 
1100 4024355 4026488 
1101 4026489 4028113 
1102 4028114 4029341 
1103 4029342 4030649 
1104 4030650 4032010 
1105 4032011 4033457 
1106 4033458 4036732 
1107 4036733 4039088 
1108 4039089 4054179 
1109 4054180 4057287 
1110 4057288 4065072 
1111 4065073 4068563 
1112 4068564 4071806 
1113 4071807 4077703 
1114 4077704 4080034 
1115 4080035 4083541 
1116 4083542 4086074 
1117 4086075 4095220 
1118 4095221 4096421 
1119 4096422 4101203 
1120 4101204 4102352 
1121 4102353 4103788 
1122 4103789 4105426 
1123 4105427 4108064 
1124 4108065 4116052 
1125 4116053 4123392 
1126 4123393 4126621 
1127 4126622 4136148 
1128 4136149 4137586 
1129 4137587 4138350 
1130 4138351 4139815 
1131 4139816 4143765 
1132 4143766 4144609 
1133 4144610 4159514 
1134 4159515 4165856 
1135 4165857 4169142 
1136 4169143 4172408 
1137 4172409 4173435 
1138 4173436 4178057 
1139 4178058 4178624 
1140 4178625 4178919 
1141 4178920 4186457 
1142 4186458 4189073 
1143 4189074 4192519 
1144 4192520 4195011 
1145 4195012 4195993 
1146 4195994 4196782 
1147 4196783 4198756 
1148 4198757 4210444 
1149 4210445 4215626 
1150 4215627 4221351 
1151 4221352 4222940 
1152 4222941 4245275 
1153 4245276 4246602 
1154 4246603 4253061 
1155 4253062 4259295 
1156 4259296 4268678 
1157 4268679 4270140 
1158 4270141 4273754 
1159 4273755 4275653 
1160 4275654 4280467 
1161 4280468 4286798 
1162 4286799 4291319 
1163 4291320 4295323 
1164 4295324 4298748 
1165 4298749 4301617 
1166 4301618 4305534 
1167 4305535 4314004 
1168 4314005 4317871 
1169 4317872 4325234 
1170 4325235 4363621 
1171 4363622 4381285 
1172 4381286 4386403 
1173 4386404 4388964 
1174 4388965 4399321 
1175 4399322 4402914 
1176 4402915 4407437 
1177 4407438 4412669 
1178 4412670 4417329 
1179 4417330 4422373 
1180 4422374 4428891 
1181 4428892 4435210 
1182 4435211 4439693 
1183 4439694 4443656 
1184 4443657 4452434 
1185 4452435 4460670 
1186 4460671 4465981 
1187 4465982 4470084 
1188 4470085 4477341 
1189 4477342 4485070 
1190 4485071 4490543 
1191 4490544 4494815 
1192 4494816 4499591 
1193 4499592 4503716 
1194 4503717 4507884 
1195 4507885 4513037 
1196 4513038 4514104 
1197 4514105 4517932 
1198 4517933 4537563 
1199 4537564 4541076 
1200 4541077 4547228 
1201 4547229 4551730 
1202 4551731 4554328 
1203 4554329 4557610 
1204 4557611 4561325 
1205 4561326 4564603 
1206 4564604 4568684 
1207 4568685 4580419 
1208 4580420 4584487 
1209 4584488 4592519 
1210 4592520 4600204 
1211 4600205 4608032 
1212 4608033 4615152 
1213 4615153 4616582 
1214 4616583 4621641 
1215 4621642 4637899 
1216 4637900 4642329 
1217 4642330 4651597 
1218 4651598 4656728 
1219 4656729 4660720 
1220 4660721 4665322 
1221 4665323 4675581 
1222 4675582 4680885 
1223 4680886 4684808 
1224 4684809 4687781 
1225 4687782 4691333 
1226 4691334 4694465 
1227 4694466 4697683 
1228 4697684 4715933 
1229 4715934 4720551 
1230 4720552 4725743 
1231 4725744 4728966 
1232 4728967 4740265 
1233 4740266 4747949 
1234 4747950 4767223 
1235 4767224 4772485 
1236 4772486 4773525 
1237 4773526 4775456 
1238 4775457 4778116 
1239 4778117 4781559 
1240 4781560 4800675 
1241 4800676 4820261 
1242 4820262 4824420 
1243 4824421 4828533 
1244 4828534 4831861 
1245 4831862 4844236 
1246 4844237 4850851 
1247 4850852 4876436 
1248 4876437 4887474 
1249 4887475 4894382 
1250 4894383 4895743 
1251 4895744 4901516 
1252 4901517 4907681 
1253 4907682 4931079 
1254 4931080 4932459 
1255 4932460 4935076 
1256 4935077 4938210 
1257 4938211 4941706 
1258 4941707 4947885 
1259 4947886 4949195 
1260 4949196 4951690 
1261 4951691 4953584 
1262 4953585 4956500 
1263 4956501 4957889 
1264 4957890 4966232 
1265 4966233 4969546 
1266 4969547 4972756 
1267 4972757 4980449 
1268 4980450 4988483 
1269 4988484 4996933 
1270 4996934 5002438 
1271 5002439 5009288 
1272 5009289 5010882 
1273 5010883 5017128 
1274 5017129 5025936 
1275 5025937 5029606 
1276 5029607 5034018 
1277 5034019 5036567 
1278 5036568 5038743 
1279 5038744 5042408 
1280 5042409 5047018 
1281 5047019 5051114 
1282 5051115 5057976 
1283 5057977 5066271 
1284 5066272 5074435 
1285 5074436 5079667 
1286 5079668 5081898 
1287 5081899 5089285 
1288 5089286 5095697 
1289 5095698 5098954 
1290 5098955 5101656 
1291 5101657 5102507 
1292 5102508 5105390 
1293 5105391 5115761 
1294 5115762 5123130 
1295 5123131 5130570 
1296 5130571 5131420 
1297 5131421 5134203 
1298 5134204 5135820 
1299 5135821 5143653 
1300 5143654 5150376 
1301 5150377 5154237 
1302 5154238 5155082 
1303 5155083 5164473 
1304 5164474 5173918 
1305 5173919 5176417 
1306 5176418 5180010 
1307 5180011 5185494 
1308 5185495 5200053 
1309 5200054 5202900 
1310 5202901 5207149 
1311 5207150 5214854 
1312 5214855 5221181 
1313 5221182 5223484 
1314 5223485 5227132 
1315 5227133 5230709 
1316 5230710 5232385 
1317 5232386 5235582 
1318 5235583 5240464 
1319 5240465 5242515 
1320 5242516 5243451 
1321 5243452 5244624 
1322 5244625 5248403 
1323 5248404 5249191 
1324 5249192 5252506 
1325 5252507 5255597 
1326 5255598 5259094 
1327 5259095 5262184 
1328 5262185 5264474 
1329 5264475 5265277 
1330 5265278 5266340 
1331 5266341 5274205 
1332 5274206 5281034 
1333 5281035 5285324 
1334 5285325 5292429 
1335 5292430 5293201 
1336 5293202 5296344 
1337 5296345 5305219 
1338 5305220 5307168 
1339 5307169 5313268 
1340 5313269 5319340 
1341 5319341 5320302 
1342 5320303 5320931 
1343 5320932 5327511 
1344 5327512 5330903 
1345 5330904 5333388 
1346 5333389 5334225 
1347 5334226 5338370 
1348 5338371 5343626 
1349 5343627 5346450 
1350 5346451 5348999 
1351 5349000 5352541 
1352 5352542 5354471 
1353 5354472 5358318 
1354 5358319 5371300 
1355 5371301 5373609 
1356 5373610 5375329 
1357 5375330 5378767 
1358 5378768 5382408 
1359 5382409 5386062 
1360 5386063 5387790 
1361 5387791 5393045 
1362 5393046 5399726 
1363 5399727 5402036 
1364 5402037 5406441 
1365 5406442 5413237 
1366 5413238 5414561 
1367 5414562 5416868 
1368 5416869 5419361 
1369 5419362 5420021 
1370 5420022 5425194 
1371 5425195 5425245 
1372 5425246 5425892 
1373 5425893 5429289 
1374 5429290 5435034 
1375 5435035 5436105 
1376 5436106 5437323 
1377 5437324 5440833 
1378 5440834 5443025 
1379 5443026 5445037 
1380 5445038 5448931 
1381 5448932 5451707 
1382 5451708 5452676 
1383 5452677 5454288 
1384 5454289 5456081 
1385 5456082 5459028 
1386 5459029 5465962 
1387 5465963 5474374 
1388 5474375 5478158 
1389 5478159 5481957 
1390 5481958 5486392 
1391 5486393 5490119 
1392 5490120 5491088 
1393 5491089 5495128 
1394 5495129 5497663 
1395 5497664 5499210 
1396 5499211 5503074 
1397 5503075 5506747 
1398 5506748 5509415 
1399 5509416 5510524 
1400 5510525 5513513 
1401 5513514 5520982 
1402 5520983 5539891 
1403 5539892 5541915 
1404 5541916 5545516 
1405 5545517 5547002 
1406 5547003 5551073 
1407 5551074 5559714 
1408 5559715 5562674 
1409 5562675 5571207 
1410 5571208 5576793 
1411 5576794 5578784 
1412 5578785 5583583 
1413 5583584 5584644 
1414 5584645 5588349 
1415 5588350 5589834 
1416 5589835 5593089 
1417 5593090 5595713 
1418 5595714 5601860 
1419 5601861 5603491 
1420 5603492 5610042 
1421 5610043 5613527 
1422 5613528 5623762 
1423 5623763 5628156 
1424 5628157 5631502 
1425 5631503 5637794 
1426 5637795 5647266 
1427 5647267 5649871 
1428 5649872 5654251 
1429 5654252 5662796 
1430 5662797 5664205 
1431 5664206 5668831 
1432 5668832 5672847 
1433 5672848 5675289 
1434 5675290 5677814 
1435 5677815 5681181 
1436 5681182 5684447 
1437 5684448 5688023 
1438 5688024 5690906 
1439 5690907 5695036 
1440 5695037 5698008 
1441 5698009 5701790 
1442 5701791 5705740 
1443 5705741 5709077 
1444 5709078 5712522 
1445 5712523 5716124 
1446 5716125 5719898 
1447 5719899 5723160 
1448 5723161 5726725 
1449 5726726 5730020 
1450 5730021 5732903 
1451 5732904 5735828 
1452 5735829 5739688 
1453 5739689 5742763 
1454 5742764 5745978 
1455 5745979 5749226 
1456 5749227 5752536 
1457 5752537 5757023 
1458 5757024 5758350 
1459 5758351 5761574 
1460 5761575 5766438 
1461 5766439 5769516 
1462 5769517 5772951 
1463 5772952 5776484 
1464 5776485 5779754 
1465 5779755 5782290 
1466 5782291 5785331 
1467 5785332 5788768 
1468 5788769 5791760 
1469 5791761 5795103 
1470 5795104 5813802 
1471 5813803 5818111 
1472 5818112 5821694 
1473 5821695 5825078 
1474 5825079 5829215 
1475 5829216 5830264 
1476 5830265 5831013 
1477 5831014 5833761 
1478 5833762 5837652 
1479 5837653 5841015 
1480 5841016 5844339 
1481 5844340 5846763 
1482 5846764 5847677 
1483 5847678 5851713 
1484 5851714 5871287 
1485 5871288 5875908 
1486 5875909 5879036 
1487 5879037 5883642 
1488 5883643 5886773 
1489 5886774 5889901 
1490 5889902 5893353 
1491 5893354 5902806 
1492 5902807 5904615 
1493 5904616 5906255 
1494 5906256 5908671 
1495 5908672 5911636 
1496 5911637 5920976 
1497 5920977 5924258 
1498 5924259 5932464 
1499 5932465 5934417 
1500 5934418 5935964 
1501 5935965 5936860 
1502 5936861 5938155 
1503 5938156 5939021 
1504 5939022 5940224 
1505 5940225 5945395 
1506 5945396 5950180 
1507 5950181 5952149 
1508 5952150 5953704 
1509 5953705 5957531 
1510 5957532 5959678 
1511 5959679 5961738 
1512 5961739 5963012 
1513 5963013 5967093 
1514 5967094 5968162 
1515 5968163 5969175 
1516 5969176 5970386 
1517 5970387 5971819 
1518 5971820 5976773 
1519 5976774 5979092 
1520 5979093 5982096 
1521 5982097 5992829 
1522 5992830 5996423 
1523 5996424 5997796 
1524 5997797 5999731 
1525 5999732 6006540 
1526 6006541 6008202 
1527 6008203 6015373 
1528 6015374 6018587 
1529 6018588 6020300 
1530 6020301 6033012 
1531 6033013 6038062 
1532 6038063 6042517 
1533 6042518 6043708 
1534 6043709 6045996 
1535 6045997 6048123 
1536 6048124 6050082 
1537 6050083 6053500 
1538 6053501 6054731 
1539 6054732 6065609 
1540 6065610 6066600 
1541 6066601 6067071 
1542 6067072 6071608 
1543 6071609 6072714 
1544 6072715 6073420 
1545 6073421 6076368 
1546 6076369 6078066 
1547 6078067 6080740 
1548 6080741 6081512 
1549 6081513 6082641 
1550 6082642 6083802 
1551 6083803 6084145 
1552 6084146 6087919 
1553 6087920 6092324 
1554 6092325 6097068 
1555 6097069 6100129 
1556 6100130 6102155 
1557 6102156 6102810 
1558 6102811 6103395 
1559 6103396 6104451 
1560 6104452 6105835 
1561 6105836 6106398 
1562 6106399 6107878 
1563 6107879 6120633 
1564 6120634 6121005 
1565 6121006 6122628 
1566 6122629 6124886 
1567 6124887 6127014 
1568 6127015 6129505 
1569 6129506 6130951 
1570 6130952 6131396 
1571 6131397 6133365 
1572 6133366 6135355 
1573 6135356 6137333 
1574 6137334 6139450 
1575 6139451 6141403 
1576 6141404 6141700 
1577 6141701 6143907 
1578 6143908 6144952 
1579 6144953 6147840 
1580 6147841 6149196 
1581 6149197 6149655 
1582 6149656 6150510 
1583 6150511 6151856 
1584 6151857 6154714 
1585 6154715 6155685 
1586 6155686 6156067 
1587 6156068 6157396 
1588 6157397 6158859 
1589 6158860 6160242 
1590 6160243 6168863 
1591 6168864 6176460 
1592 6176461 6180723 
1593 6180724 6183453 
1594 6183454 6183870 
1595 6183871 6191345 
1596 6191346 6195183 
1597 6195184 6207538 
1598 6207539 6212288 
1599 6212289 6214610 
1600 6214611 6218332 
1601 6218333 6224454 
1602 6224455 6226893 
1603 6226894 6227010 
1604 6227011 6229170 
1605 6229171 6232822 
1606 6232823 6235468 
1607 6235469 6248842 
1608 6248843 6256581 
1609 6256582 6258315 
1610 6258316 6260880 
1611 6260881 6262619 
1612 6262620 6264288 
1613 6264289 6267544 
1614 6267545 6269564 
1615 6269565 6272429 
1616 6272430 6274238 
1617 6274239 6275856 
1618 6275857 6277836 
1619 6277837 6280568 
1620 6280569 6283259 
1621 6283260 6284982 
1622 6284983 6287396 
1623 6287397 6290498 
1624 6290499 6292494 
1625 6292495 6294196 
1626 6294197 6295761 
1627 6295762 6297638 
1628 6297639 6301931 
1629 6301932 6305636 
1630 6305637 6309255 
1631 6309256 6312051 
1632 6312052 6314331 
1633 6314332 6316726 
1634 6316727 6318886 
1635 6318887 6321087 
1636 6321088 6321204 
1637 6321205 6326900 
1638 6326901 6336673 
1639 6336674 6339294 
1640 6339295 6340100 
1641 6340101 6344365 
1642 6344366 6351384 
1643 6351385 6351501 
1644 6351502 6354506 
1645 6354507 6356997 
1646 6356998 6359192 
1647 6359193 6361606 
1648 6361607 6364973 
1649 6364974 6369127 
1650 6369128 6371556 
1651 6371557 6376361 
1652 6376362 6378896 
1653 6378897 6386959 
1654 6386960 6389525 
1655 6389526 6395629 
1656 6395630 6397855 
1657 6397856 6398860 
1658 6398861 6416466 
1659 6416467 6426117 
1660 6426118 6428851 
1661 6428852 6431894 
1662 6431895 6437601 
1663 6437602 6440898 
1664 6440899 6442665 
1665 6442666 6445563 
1666 6445564 6449874 
1667 6449875 6454066 
1668 6454067 6457604 
1669 6457605 6460421 
1670 6460422 6484807 
1671 6484808 6495932 
1672 6495933 6512075 
1673 6512076 6542581 
1674 6542582 6546125 
1675 6546126 6549678 
1676 6549679 6551890 
1677 6551891 6553708 
1678 6553709 6555993 
1679 6555994 6559213 
1680 6559214 6561477 
1681 6561478 6563787 
1682 6563788 6583883 
1683 6583884 6592074 
1684 6592075 6596283 
1685 6596284 6600560 
1686 6600561 6604539 
1687 6604540 6605896 
1688 6605897 6610217 
1689 6610218 6611407 
1690 6611408 6612418 
1691 6612419 6613714 
1692 6613715 6620945 
1693 6620946 6622939 
1694 6622940 6640792 
1695 6640793 6649492 
1696 6649493 6655013 
1697 6655014 6658882 
1698 6658883 6662236 
1699 6662237 6664093 
1700 6664094 6680317 
1701 6680318 6684634 
1702 6684635 6685614 
1703 6685615 6687329 
1704 6687330 6688488 
1705 6688489 6696479 
1706 6696480 6701499 
1707 6701500 6708179 
1708 6708180 6709918 
1709 6709919 6717911 
1710 6717912 6725330 
1711 6725331 6733665 
1712 6733666 6738479 
1713 6738480 6745024 
1714 6745025 6759961 
1715 6759962 6767316 
1716 6767317 6772258 
1717 6772259 6773452 
1718 6773453 6774859 
1719 6774860 6776836 
1720 6776837 6777462 
1721 6777463 6783588 
1722 6783589 6785526 
1723 6785527 6793646 
1724 6793647 6797703 
1725 6797704 6799392 
1726 6799393 6804469 
1727 6804470 6809799 
1728 6809800 6818767 
1729 6818768 6823307 
1730 6823308 6832656 
1731 6832657 6836265 
1732 6836266 6837175 
1733 6837176 6838424 
1734 6838425 6839606 
1735 6839607 6848528 
1736 6848529 6848685 
1737 6848686 6850233 
1738 6850234 6850810 
1739 6850811 6852071 
1740 6852072 6864447 
1741 6864448 6872266 
1742 6872267 6876163 
1743 6876164 6880973 
1744 6880974 6885232 
1745 6885233 6893991 
1746 6893992 6896036 
1747 6896037 6901243 
1748 6901244 6903996 
1749 6903997 6906910 
1750 6906911 6908403 
1751 6908404 6916280 
1752 6916281 6919817 
1753 6919818 6933849 
1754 6933850 6936971 
1755 6936972 6940705 
1756 6940706 6944869 
1757 6944870 6956310 
1758 6956311 6957076 
1759 6957077 6964871 
1760 6964872 6970928 
1761 6970929 6971494 
1762 6971495 6976962 
1763 6976963 6992503 
1764 6992504 6993236 
1765 6993237 6999107 
1766 6999108 6999589 
1767 6999590 7004667 
1768 7004668 7012553 
1769 7012554 7013778 
1770 7013779 7017947 
1771 7017948 7018462 
1772 7018463 7027178 
1773 7027179 7028322 
1774 7028323 7030101 
1775 7030102 7033033 
1776 7033034 7035300 
1777 7035301 7042875 
1778 7042876 7045331 
1779 7045332 7047141 
1780 7047142 7053117 
1781 7053118 7057170 
1782 7057171 7061325 
1783 7061326 7064944 
1784 7064945 7071638 
1785 7071639 7075042 
1786 7075043 7078113 
1787 7078114 7082538 
1788 7082539 7087606 
1789 7087607 7091839 
1790 7091840 7095090 
1791 7095091 7099031 
1792 7099032 7099987 
1793 7099988 7107763 
1794 7107764 7112115 
1795 7112116 7116285 
1796 7116286 7120449 
1797 7120450 7124345 
1798 7124346 7129723 
1799 7129724 7137319 
1800 7137320 7139454 
1801 7139455 7141398 
1802 7141399 7144159 
1803 7144160 7146901 
1804 7146902 7151299 
1805 7151300 7156508 
1806 7156509 7159478 
1807 7159479 7163338 
1808 7163339 7168585 
1809 7168586 7173055 
1810 7173056 7177977 
1811 7177978 7180281 
1812 7180282 7182804 
1813 7182805 7185552 
1814 7185553 7193619 
1815 7193620 7194636 
1816 7194637 7195217 
1817 7195218 7199154 
1818 7199155 7202302 
1819 7202303 7203630 
1820 7203631 7213366 
1821 7213367 7216220 
1822 7216221 7224779 
1823 7224780 7228547 
1824 7228548 7233597 
1825 7233598 7238322 
1826 7238323 7246702 
1827 7246703 7251306 
1828 7251307 7255039 
1829 7255040 7255391 
1830 7255392 7259897 
1831 7259898 7264075 
1832 7264076 7267687 
1833 7267688 7273313 
1834 7273314 7280323 
1835 7280324 7286609 
1836 7286610 7289008 
1837 7289009 7292194 
1838 7292195 7292978 
1839 7292979 7315721 
1840 7315722 7334122 
1841 7334123 7336525 
1842 7336526 7344839 
1843 7344840 7346299 
1844 7346300 7348504 
1845 7348505 7355457 
1846 7355458 7358601 
1847 7358602 7369418 
1848 7369419 7372113 
1849 7372114 7375449 
1850 7375450 7378463 
1851 7378464 7383101 
1852 7383102 7390165 
1853 7390166 7396885 
1854 7396886 7402915 
1855 7402916 7403791 
1856 7403792 7406365 
1857 7406366 7409594 
1858 7409595 7410442 
1859 7410443 7412669 
1860 7412670 7414060 
1861 7414061 7420208 
1862 7420209 7433650 
1863 7433651 7435545 
1864 7435546 7448291 
1865 7448292 7454602 
1866 7454603 7457300 
1867 7457301 7462152 
1868 7462153 7463897 
1869 7463898 7472765 
1870 7472766 7479128 
1871 7479129 7481428 
1872 7481429 7487688 
1873 7487689 7490626 
1874 7490627 7495577 
1875 7495578 7500939 
1876 7500940 7505443 
1877 7505444 7510786 
1878 7510787 7512455 
1879 7512456 7516112 
1880 7516113 7521997 
1881 7521998 7524258 
1882 7524259 7528491 
1883 7528492 7529249 
1884 7529250 7529815 
1885 7529816 7533789 
1886 7533790 7536243 
1887 7536244 7538980 
1888 7538981 7540032 
1889 7540033 7541777 
1890 7541778 7543890 
1891 7543891 7546432 
1892 7546433 7548533 
1893 7548534 7549615 
1894 7549616 7554065 
1895 7554066 7558412 
1896 7558413 7561772 
1897 7561773 7564694 
1898 7564695 7568599 
1899 7568600 7572914 
1900 7572915 7575491 
1901 7575492 7579075 
1902 7579076 7581168 
1903 7581169 7582704 
1904 7582705 7584779 
1905 7584780 7605110 
1906 7605111 7608192 
1907 7608193 7612062 
1908 7612063 7613766 
1909 7613767 7622253 
1910 7622254 7624687 
1911 7624688 7629771 
1912 7629772 7634920 
1913 7634921 7638406 
1914 7638407 7642331 
1915 7642332 7648052 
1916 7648053 7650830 
1917 7650831 7656047 
1918 7656048 7657574 
1919 7657575 7659989 
1920 7659990 7664864 
1921 7664865 7669493 
1922 7669494 7672657 
1923 7672658 7677908 
1924 7677909 7683232 
1925 7683233 7687335 
1926 7687336 7689707 
1927 7689708 7693944 
1928 7693945 7701145 
1929 7701146 7705679 
1930 7705680 7706367 
1931 7706368 7706962 
1932 7706963 7708952 
1933 7708953 7710504 
1934 7710505 7711256 
1935 7711257 7712880 
1936 7712881 7724821 
1937 7724822 7729045 
1938 7729046 7738797 
1939 7738798 7739717 
1940 7739718 7742877 
1941 7742878 7744070 
1942 7744071 7747377 
1943 7747378 7752498 
1944 7752499 7756926 
1945 7756927 7762283 
1946 7762284 7764666 
1947 7764667 7768428 
1948 7768429 7768820 
1949 7768821 7770159 
1950 7770160 7773262 
1951 7773263 7774920 
1952 7774921 7777991 
1953 7777992 7782874 
1954 7782875 7784734 
1955 7784735 7790378 
1956 7790379 7792473 
1957 7792474 7796502 
1958 7796503 7801210 
1959 7801211 7802277 
1960 7802278 7807604 
1961 7807605 7808618 
1962 7808619 7810367 
1963 7810368 7812843 
1964 7812844 7815033 
1965 7815034 7816048 
1966 7816049 7822669 
1967 7822670 7825627 
1968 7825628 7828033 
1969 7828034 7833079 
1970 7833080 7834814 
1971 7834815 7837197 
1972 7837198 7841766 
1973 7841767 7846302 
1974 7846303 7850605 
1975 7850606 7853505 
1976 7853506 7861022 
1977 7861023 7866651 
1978 7866652 7869975 
1979 7869976 7873138 
1980 7873139 7875312 
1981 7875313 7878610 
1982 7878611 7880598 
1983 7880599 7882457 
1984 7882458 7891486 
1985 7891487 7896718 
1986 7896719 7904046 
1987 7904047 7909303 
1988 7909304 7914009 
1989 7914010 7922070 
1990 7922071 7933792 
1991 7933793 7939941 
1992 7939942 7941191 
1993 7941192 7942875 
1994 7942876 7943692 
1995 7943693 7948809 
1996 7948810 7951572 
1997 7951573 7952072 
1998 7952073 7956089 
1999 7956090 7956734 
2000 7956735 7959715 
2001 7959716 7960264 
2002 7960265 7961011 
2003 7961012 7965051 
2004 7965052 7968521 
2005 7968522 7969626 
2006 7969627 7971266 
2007 7971267 7972244 
2008 7972245 7973707 
2009 7973708 7974417 
2010 7974418 7976759 
2011 7976760 7980917 
2012 7980918 7985417 
2013 7985418 7986351 
2014 7986352 7988385 
2015 7988386 7989141 
2016 7989142 7990897 
2017 7990898 7991571 
2018 7991572 7992541 
2019 7992542 7993817 
2020 7993818 7994201 
2021 7994202 7997989 
2022 7997990 7999255 
2023 7999256 8003881 
2024 8003882 8006144 
2025 8006145 8008014 
2026 8008015 8010298 
2027 8010299 8012334 
2028 8012335 8015611 
2029 8015612 8017080 
2030 8017081 8018008 
2031 8018009 8020415 
2032 8020416 8022251 
2033 8022252 8023941 
2034 8023942 8028027 
2035 8028028 8042396 
2036 8042397 8044339 
2037 8044340 8050718 
2038 8050719 8064288 
2039 8064289 8073183 
2040 8073184 8076725 
2041 8076726 8081159 
2042 8081160 8084623 
2043 8084624 8090125 
2044 8090126 8091652 
2045 8091653 8095430 
2046 8095431 8097109 
2047 8097110 8106669 
2048 8106670 8112962 
2049 8112963 8115245 
2050 8115246 8119577 
2051 8119578 8126958 
2052 8126959 8128874 
2053 8128875 8132393 
2054 8132394 8136533 
2055 8136534 8137418 
2056 8137419 8139420 
2057 8139421 8141928 
2058 8141929 8142483 
2059 8142484 8148188 
2060 8148189 8151310 
2061 8151311 8160062 
2062 8160063 8163894 
2063 8163895 8165703 
2064 8165704 8168917 
2065 8168918 8176305 
2066 8176306 8178719 
2067 8178720 8181268 
2068 8181269 8190733 
2069 8190734 8209888 
2070 8209889 8212807 
2071 8212808 8215367 
2072 8215368 8220533 
2073 8220534 8222591 
2074 8222592 8226642 
2075 8226643 8233041 
2076 8233042 8233821 
2077 8233822 8238522 
2078 8238523 8246622 
2079 8246623 8251787 
2080 8251788 8258269 
2081 8258270 8258984 
2082 8258985 8262586 
2083 8262587 8265334 
2084 8265335 8268721 
2085 8268722 8271084 
2086 8271085 8274606 
2087 8274607 8279106 
2088 8279107 8288555 
2089 8288556 8297998 
2090 8297999 8309339 
2091 8309340 8311322 
2092 8311323 8315909 
2093 8315910 8318742 
2094 8318743 8320187 
2095 8320188 8325762 
2096 8325763 8327580 
2097 8327581 8329308 
2098 8329309 8337500 
2099 8337501 8346111 
2100 8346112 8348680 
2101 8348681 8352978 
2102 8352979 8355930 
2103 8355931 8357666 
2104 8357667 8368112 
2105 8368113 8374168 
2106 8374169 8378876 
2107 8378877 8383988 
2108 8383989 8385116 
2109 8385117 8386774 
2110 8386775 8390175 
2111 8390176 8393680 
2112 8393681 8396017 
2113 8396018 8403519 
2114 8403520 8410307 
2115 8410308 8416586 
2116 8416587 8425186 
2117 8425187 8428134 
2118 8428135 8430768 
2119 8430769 8432407 
2120 8432408 8439277 
2121 8439278 8442519 
2122 8442520 8445001 
2123 8445002 8446010 
2124 8446011 8457450 
2125 8457451 8468094 
2126 8468095 8477797 
2127 8477798 8484562 
2128 8484563 8493337 
2129 8493338 8495449 
2130 8495450 8495810 
2131 8495811 8498418 
2132 8498419 8498877 
2133 8498878 8502984 
2134 8502985 8505122 
2135 8505123 8514123 
2136 8514124 8520473 
2137 8520474 8521844 
2138 8521845 8529075 
2139 8529076 8531638 
2140 8531639 8539153 
2141 8539154 8543430 
2142 8543431 8546172 
2143 8546173 8552288 
2144 8552289 8561342 
2145 8561343 8564130 
2146 8564131 8568339 
2147 8568340 8572037 
2148 8572038 8573552 
2149 8573553 8579894 
2150 8579895 8585175 
2151 8585176 8590234 
2152 8590235 8598078 
2153 8598079 8599743 
2154 8599744 8602398 
2155 8602399 8602836 
2156 8602837 8603279 
2157 8603280 8603724 
2158 8603725 8604158 
2159 8604159 8604598 
2160 8604599 8605045 
2161 8605046 8605491 
2162 8605492 8605937 
2163 8605938 8606384 
2164 8606385 8606810 
2165 8606811 8607256 
2166 8607257 8607702 
2167 8607703 8608141 
2168 8608142 8608584 
2169 8608585 8609025 
2170 8609026 8609472 
2171 8609473 8609912 
2172 8609913 8610356 
2173 8610357 8610794 
2174 8610795 8611236 
2175 8611237 8611682 
2176 8611683 8612124 
2177 8612125 8612570 
2178 8612571 8613013 
2179 8613014 8613450 
2180 8613451 8613890 
2181 8613891 8614328 
2182 8614329 8614772 
2183 8614773 8615213 
2184 8615214 8615652 
2185 8615653 8616084 
2186 8616085 8616521 
2187 8616522 8616959 
2188 8616960 8617400 
2189 8617401 8617847 
2190 8617848 8618283 
2191 8618284 8618725 
2192 8618726 8619168 
2193 8619169 8619610 
2194 8619611 8620052 
2195 8620053 8620494 
2196 8620495 8620941 
2197 8620942 8621386 
2198 8621387 8621829 
2199 8621830 8622275 
2200 8622276 8622721 
2201 8622722 8623168 
2202 8623169 8623614 
2203 8623615 8624057 
2204 8624058 8624497 
2205 8624498 8624935 
2206 8624936 8625362 
2207 8625363 8625801 
2208 8625802 8626247 
2209 8626248 8626670 
2210 8626671 8627110 
2211 8627111 8627556 
2212 8627557 8628001 
2213 8628002 8628438 
2214 8628439 8628877 
2215 8628878 8629305 
2216 8629306 8629731 
2217 8629732 8630171 
2218 8630172 8630613 
2219 8630614 8631053 
2220 8631054 8631498 
2221 8631499 8631935 
2222 8631936 8632380 
2223 8632381 8632819 
2224 8632820 8633245 
2225 8633246 8633683 
2226 8633684 8634115 
2227 8634116 8634560 
2228 8634561 8635007 
2229 8635008 8635443 
2230 8635444 8635890 
2231 8635891 8636338 
2232 8636339 8636785 
2233 8636786 8637232 
2234 8637233 8637672 
2235 8637673 8638119 
2236 8638120 8638564 
2237 8638565 8639011 
2238 8639012 8639448 
2239 8639449 8639890 
2240 8639891 8640333 
2241 8640334 8640762 
2242 8640763 8641202 
2243 8641203 8641651 
2244 8641652 8642097 
2245 8642098 8642539 
2246 8642540 8642986 
2247 8642987 8643420 
2248 8643421 8643866 
2249 8643867 8644301 
2250 8644302 8644743 
2251 8644744 8645187 
2252 8645188 8645629 
2253 8645630 8646059 
2254 8646060 8646497 
2255 8646498 8646944 
2256 8646945 8647389 
2257 8647390 8647830 
2258 8647831 8648273 
2259 8648274 8648701 
2260 8648702 8649147 
2261 8649148 8649596 
2262 8649597 8650042 
2263 8650043 8650490 
2264 8650491 8650935 
2265 8650936 8651382 
2266 8651383 8651828 
2267 8651829 8652276 
2268 8652277 8652725 
2269 8652726 8653172 
2270 8653173 8653616 
2271 8653617 8654063 
2272 8654064 8654510 
2273 8654511 8654955 
2274 8654956 8655404 
2275 8655405 8655846 
2276 8655847 8656289 
2277 8656290 8656707 
2278 8656708 8657149 
2279 8657150 8657577 
2280 8657578 8658019 
2281 8658020 8658464 
2282 8658465 8658911 
2283 8658912 8659351 
2284 8659352 8659797 
2285 8659798 8660237 
2286 8660238 8660679 
2287 8660680 8661122 
2288 8661123 8661571 
2289 8661572 8662009 
2290 8662010 8662454 
2291 8662455 8662880 
2292 8662881 8663307 
2293 8663308 8663750 
2294 8663751 8664187 
2295 8664188 8664632 
2296 8664633 8665068 
2297 8665069 8665513 
2298 8665514 8665955 
2299 8665956 8666401 
2300 8666402 8666848 
2301 8666849 8667294 
2302 8667295 8667734 
2303 8667735 8668180 
2304 8668181 8668628 
2305 8668629 8669067 
2306 8669068 8669510 
2307 8669511 8669957 
2308 8669958 8670404 
2309 8670405 8670851 
2310 8670852 8671296 
2311 8671297 8671744 
2312 8671745 8672192 
2313 8672193 8672639 
2314 8672640 8673085 
2315 8673086 8673527 
2316 8673528 8673969 
2317 8673970 8674411 
2318 8674412 8674853 
2319 8674854 8675301 
2320 8675302 8675747 
2321 8675748 8676193 
2322 8676194 8676638 
2323 8676639 8677079 
2324 8677080 8677524 
2325 8677525 8677957 
2326 8677958 8678396 
2327 8678397 8678839 
2328 8678840 8679284 
2329 8679285 8679725 
2330 8679726 8680167 
2331 8680168 8680606 
2332 8680607 8681051 
2333 8681052 8681498 
2334 8681499 8681934 
2335 8681935 8682381 
2336 8682382 8682825 
2337 8682826 8683267 
2338 8683268 8683711 
2339 8683712 8684153 
2340 8684154 8684600 
2341 8684601 8685046 
2342 8685047 8685485 
2343 8685486 8685931 
2344 8685932 8686374 
2345 8686375 8686817 
2346 8686818 8687260 
2347 8687261 8687701 
2348 8687702 8688139 
2349 8688140 8688579 
2350 8688580 8689028 
2351 8689029 8689476 
2352 8689477 8689920 
2353 8689921 8690346 
2354 8690347 8690794 
2355 8690795 8691230 
2356 8691231 8691656 
2357 8691657 8692103 
2358 8692104 8692528 
2359 8692529 8692964 
2360 8692965 8693397 
2361 8693398 8693825 
2362 8693826 8694264 
2363 8694265 8694704 
2364 8694705 8695130 
2365 8695131 8695558 
2366 8695559 8695996 
2367 8695997 8696431 
2368 8696432 8696865 
2369 8696866 8697307 
2370 8697308 8697747 
2371 8697748 8698181 
2372 8698182 8698617 
2373 8698618 8699048 
2374 8699049 8699487 
2375 8699488 8699930 
2376 8699931 8700378 
2377 8700379 8700825 
2378 8700826 8701253 
2379 8701254 8701695 
2380 8701696 8702131 
2381 8702132 8702563 
2382 8702564 8702993 
2383 8702994 8703433 
2384 8703434 8703880 
2385 8703881 8704320 
2386 8704321 8704759 
2387 8704760 8705200 
2388 8705201 8705642 
2389 8705643 8706081 
2390 8706082 8706525 
2391 8706526 8706972 
2392 8706973 8707414 
2393 8707415 8707854 
2394 8707855 8708296 
2395 8708297 8708725 
2396 8708726 8709163 
2397 8709164 8709611 
2398 8709612 8710047 
2399 8710048 8710487 
2400 8710488 8710929 
2401 8710930 8711359 
2402 8711360 8711795 
2403 8711796 8712236 
2404 8712237 8712664 
2405 8712665 8713110 
2406 8713111 8713540 
2407 8713541 8713958 
2408 8713959 8714398 
2409 8714399 8714830 
2410 8714831 8715263 
2411 8715264 8715706 
2412 8715707 8716147 
2413 8716148 8716575 
2414 8716576 8717018 
2415 8717019 8717461 
2416 8717462 8717899 
2417 8717900 8718335 
2418 8718336 8718778 
2419 8718779 8719220 
2420 8719221 8719662 
2421 8719663 8720107 
2422 8720108 8720549 
2423 8720550 8720993 
2424 8720994 8721435 
2425 8721436 8721878 
2426 8721879 8722325 
2427 8722326 8722767 
2428 8722768 8723208 
2429 8723209 8723627 
2430 8723628 8724064 
2431 8724065 8724500 
2432 8724501 8724943 
2433 8724944 8725372 
2434 8725373 8725810 
2435 8725811 8726250 
2436 8726251 8726683 
2437 8726684 8727127 
2438 8727128 8727559 
2439 8727560 8727998 
2440 8727999 8728439 
2441 8728440 8728877 
2442 8728878 8729317 
2443 8729318 8729767 
2444 8729768 8730216 
2445 8730217 8730658 
2446 8730659 8731088 
2447 8731089 8731530 
2448 8731531 8731968 
2449 8731969 8732413 
2450 8732414 8732862 
2451 8732863 8733304 
2452 8733305 8733749 
2453 8733750 8734185 
2454 8734186 8734622 
2455 8734623 8735064 
2456 8735065 8735504 
2457 8735505 8735946 
2458 8735947 8736388 
2459 8736389 8736816 
2460 8736817 8737250 
2461 8737251 8737694 
2462 8737695 8738139 
2463 8738140 8738572 
2464 8738573 8739011 
2465 8739012 8739449 
2466 8739450 8739890 
2467 8739891 8740318 
2468 8740319 8740762 
2469 8740763 8741190 
2470 8741191 8741636 
2471 8741637 8742074 
2472 8742075 8742505 
2473 8742506 8742947 
2474 8742948 8743391 
2475 8743392 8743818 
2476 8743819 8744261 
2477 8744262 8744705 
2478 8744706 8745141 
2479 8745142 8745583 
2480 8745584 8746018 
2481 8746019 8746464 
2482 8746465 8746904 
2483 8746905 8747344 
2484 8747345 8747787 
2485 8747788 8748225 
2486 8748226 8748668 
2487 8748669 8749106 
2488 8749107 8749534 
2489 8749535 8749969 
2490 8749970 8750392 
2491 8750393 8750839 
2492 8750840 8751262 
2493 8751263 8751706 
2494 8751707 8752144 
2495 8752145 8752586 
2496 8752587 8753025 
2497 8753026 8753460 
2498 8753461 8753891 
2499 8753892 8754335 
2500 8754336 8754780 
2501 8754781 8755211 
2502 8755212 8755643 
2503 8755644 8756071 
2504 8756072 8756509 
2505 8756510 8756935 
2506 8756936 8757377 
2507 8757378 8757817 
2508 8757818 8758256 
2509 8758257 8758697 
2510 8758698 8759131 
2511 8759132 8759574 
2512 8759575 8760002 
2513 8760003 8760440 
2514 8760441 8760872 
2515 8760873 8761315 
2516 8761316 8761762 
2517 8761763 8762200 
2518 8762201 8762636 
2519 8762637 8763079 
2520 8763080 8763518 
2521 8763519 8763963 
2522 8763964 8764405 
2523 8764406 8764847 
2524 8764848 8765292 
2525 8765293 8765731 
2526 8765732 8766174 
2527 8766175 8766602 
2528 8766603 8767046 
2529 8767047 8767484 
2530 8767485 8767915 
2531 8767916 8768355 
2532 8768356 8768790 
2533 8768791 8769230 
2534 8769231 8769677 
2535 8769678 8770105 
2536 8770106 8770543 
2537 8770544 8770992 
2538 8770993 8771422 
2539 8771423 8771872 
2540 8771873 8772320 
2541 8772321 8772762 
2542 8772763 8773207 
2543 8773208 8773629 
2544 8773630 8774074 
2545 8774075 8774515 
2546 8774516 8774958 
2547 8774959 8775395 
2548 8775396 8775841 
2549 8775842 8776276 
2550 8776277 8776715 
2551 8776716 8777160 
2552 8777161 8777601 
2553 8777602 8778049 
2554 8778050 8778495 
2555 8778496 8778919 
2556 8778920 8779359 
2557 8779360 8779795 
2558 8779796 8780238 
2559 8780239 8780686 
2560 8780687 8781134 
2561 8781135 8781580 
2562 8781581 8782022 
2563 8782023 8782443 
2564 8782444 8782880 
2565 8782881 8783311 
2566 8783312 8783740 
2567 8783741 8784188 
2568 8784189 8784633 
2569 8784634 8785073 
2570 8785074 8785514 
2571 8785515 8785951 
2572 8785952 8786380 
2573 8786381 8786823 
2574 8786824 8787265 
2575 8787266 8787694 
2576 8787695 8788134 
2577 8788135 8788570 
2578 8788571 8789000 
2579 8789001 8789437 
2580 8789438 8789858 
2581 8789859 8790305 
2582 8790306 8790741 
2583 8790742 8791178 
2584 8791179 8791624 
2585 8791625 8792065 
2586 8792066 8792510 
2587 8792511 8792954 
2588 8792955 8793390 
2589 8793391 8793833 
2590 8793834 8794274 
2591 8794275 8794719 
2592 8794720 8795160 
2593 8795161 8795606 
2594 8795607 8796053 
2595 8796054 8796501 
2596 8796502 8796947 
2597 8796948 8797391 
2598 8797392 8797839 
2599 8797840 8798286 
2600 8798287 8798734 
2601 8798735 8799181 
2602 8799182 8799628 
2603 8799629 8800075 
2604 8800076 8800504 
2605 8800505 8800946 
2606 8800947 8801382 
2607 8801383 8801814 
2608 8801815 8802655 
2609 8802656 8803557 
2610 8803558 8810068 
2611 8810069 8812058 
2612 8812059 8813789 
2613 8813790 8819792 
2614 8819793 8823250 
2615 8823251 8823723 
2616 8823724 8825389 
2617 8825390 8828278 
2618 8828279 8829326 
2619 8829327 8831454 
2620 8831455 8832391 
2621 8832392 8835692 
2622 8835693 8839621 
2623 8839622 8843767 
2624 8843768 8849885 
2625 8849886 8853431 
2626 8853432 8853975 
2627 8853976 8858078 
2628 8858079 8861940 
2629 8861941 8862293 
2630 8862294 8863119 
2631 8863120 8864550 
2632 8864551 8868003 
2633 8868004 8871379 
2634 8871380 8875974 
2635 8875975 8878454 
2636 8878455 8880332 
2637 8880333 8883241 
2638 8883242 8883851 
2639 8883852 8890848 
2640 8890849 8891625 
2641 8891626 8894597 
2642 8894598 8896794 
2643 8896795 8899273 
2644 8899274 8901614 
2645 8901615 8905509 
2646 8905510 8907369 
2647 8907370 8909020 
2648 8909021 8913271 
2649 8913272 8914485 
2650 8914486 8918706 
2651 8918707 8922387 
2652 8922388 8927883 
2653 8927884 8932211 
2654 8932212 8933299 
2655 8933300 8935950 
2656 8935951 8942206 
2657 8942207 8944519 
2658 8944520 8947775 
2659 8947776 8950307 
2660 8950308 8952411 
2661 8952412 8952999 
2662 8953000 8961923 
2663 8961924 8963928 
2664 8963929 8966222 
2665 8966223 8968398 
2666 8968399 8970598 
2667 8970599 8971776 
2668 8971777 8972742 
2669 8972743 8975482 
2670 8975483 8985471 
2671 8985472 8986556 
2672 8986557 8990328 
2673 8990329 8991287 
2674 8991288 8991598 
2675 8991599 9002170 
2676 9002171 9003801 
2677 9003802 9006936 
2678 9006937 9010070 
2679 9010071 9013454 
2680 9013455 9022938 
2681 9022939 9024947 
2682 9024948 9025867 
2683 9025868 9026478 
2684 9026479 9027344 
2685 9027345 9028982 
2686 9028983 9037303 
2687 9037304 9040539 
2688 9040540 9046702 
2689 9046703 9051326 
2690 9051327 9056736 
2691 9056737 9058257 
2692 9058258 9063439 
2693 9063440 9064936 
2694 9064937 9066468 
2695 9066469 9073086 
2696 9073087 9075672 
2697 9075673 9076967 
2698 9076968 9078847 
2699 9078848 9081237 
2700 9081238 9083625 
2701 9083626 9087222 
2702 9087223 9089019 
2703 9089020 9091954 
2704 9091955 9098069 
2705 9098070 9098869 
2706 9098870 9099614 
2707 9099615 9100577 
2708 9100578 9106679 
2709 9106680 9109306 
2710 9109307 9114168 
2711 9114169 9123069 
2712 9123070 9130233 
2713 9130234 9131568 
2714 9131569 9132013 
2715 9132014 9135104 
2716 9135105 9137803 
2717 9137804 9139820 
2718 9139821 9145372 
2719 9145373 9149573 
2720 9149574 9150079 
2721 9150080 9152455 
2722 9152456 9153804 
2723 9153805 9156147 
2724 9156148 9160333 
2725 9160334 9163024 
2726 9163025 9168229 
2727 9168230 9173878 
2728 9173879 9178143 
2729 9178144 9180715 
2730 9180716 9182596 
2731 9182597 9183483 
2732 9183484 9184109 
2733 9184110 9186546 
2734 9186547 9192110 
2735 9192111 9193736 
2736 9193737 9195284 
2737 9195285 9196304 
2738 9196305 9198329 
2739 9198330 9200547 
2740 9200548 9201744 
2741 9201745 9202161 
2742 9202162 9206953 
2743 9206954 9212881 
2744 9212882 9224280 
2745 9224281 9225308 
2746 9225309 9227476 
2747 9227477 9229489 
2748 9229490 9234477 
2749 9234478 9236712 
2750 9236713 9239512 
2751 9239513 9259374 
2752 9259375 9261974 
2753 9261975 9263408 
2754 9263409 9264998 
2755 9264999 9266296 
2756 9266297 9273469 
2757 9273470 9277854 
2758 9277855 9290235 
2759 9290236 9292452 
2760 9292453 9294097 
2761 9294098 9295362 
2762 9295363 9298265 
2763 9298266 9299412 
2764 9299413 9303071 
2765 9303072 9304209 
2766 9304210 9306402 
2767 9306403 9308175 
2768 9308176 9311454 
2769 9311455 9312244 
2770 9312245 9319352 
2771 9319353 9324387 
2772 9324388 9330770 
2773 9330771 9335007 
2774 9335008 9338493 
2775 9338494 9341041 
2776 9341042 9371789 
2777 9371790 9375512 
2778 9375513 9380618 
2779 9380619 9383288 
2780 9383289 9385020 
2781 9385021 9389537 
2782 9389538 9390571 
2783 9390572 9392924 
2784 9392925 9394219 
2785 9394220 9397299 
2786 9397300 9398288 
2787 9398289 9399865 
2788 9399866 9404225 
2789 9404226 9405108 
2790 9405109 9409105 
2791 9409106 9410738 
2792 9410739 9412668 
2793 9412669 9417442 
2794 9417443 9419880 
2795 9419881 9422286 
2796 9422287 9422429 
2797 9422430 9423758 
2798 9423759 9425066 
2799 9425067 9427006 
2800 9427007 9428307 
2801 9428308 9429213 
2802 9429214 9431586 
2803 9431587 9432394 
2804 9432395 9432537 
2805 9432538 9436898 
2806 9436899 9437980 
2807 9437981 9438693 
2808 9438694 9442427 
2809 9442428 9443581 
2810 9443582 9446532 
2811 9446533 9448960 
2812 9448961 9449291 
2813 9449292 9450376 
2814 9450377 9451401 
2815 9451402 9453704 
2816 9453705 9454721 
2817 9454722 9455858 
2818 9455859 9463075 
2819 9463076 9469880 
2820 9469881 9471348 
2821 9471349 9472738 
2822 9472739 9474598 
2823 9474599 9475745 
2824 9475746 9476080 
2825 9476081 9477230 
2826 9477231 9479344 
2827 9479345 9480691 
2828 9480692 9492027 
2829 9492028 9493888 
2830 9493889 9494524 
2831 9494525 9495256 
2832 9495257 9496120 
2833 9496121 9497746 
2834 9497747 9498262 
2835 9498263 9509616 
2836 9509617 9511209 
2837 9511210 9513990 
2838 9513991 9517549 
2839 9517550 9518309 
2840 9518310 9520335 
2841 9520336 9521374 
2842 9521375 9525923 
2843 9525924 9526032 
2844 9526033 9532871 
2845 9532872 9533700 
2846 9533701 9535292 
2847 9535293 9537657 
2848 9537658 9538933 
2849 9538934 9539977 
2850 9539978 9546488 
2851 9546489 9547960 
2852 9547961 9550766 
2853 9550767 9551896 
2854 9551897 9558159 
2855 9558160 9560676 
2856 9560677 9560915 
2857 9560916 9564956 
2858 9564957 9565268 
2859 9565269 9566580 
2860 9566581 9568516 
2861 9568517 9571127 
2862 9571128 9574109 
2863 9574110 9575292 
2864 9575293 9576633 
2865 9576634 9577582 
2866 9577583 9578841 
2867 9578842 9580959 
2868 9580960 9581351 
2869 9581352 9581614 
2870 9581615 9581898 
2871 9581899 9582185 
2872 9582186 9582523 
2873 9582524 9582835 
2874 9582836 9583146 
2875 9583147 9583487 
2876 9583488 9583844 
2877 9583845 9584175 
2878 9584176 9584524 
2879 9584525 9584858 
2880 9584859 9585186 
2881 9585187 9585519 
2882 9585520 9585827 
2883 9585828 9586187 
2884 9586188 9586623 
2885 9586624 9587045 
2886 9587046 9587460 
2887 9587461 9587877 
2888 9587878 9588305 
2889 9588306 9588746 
2890 9588747 9589127 
2891 9589128 9589527 
2892 9589528 9589969 
2893 9589970 9590412 
2894 9590413 9590849 
2895 9590850 9591281 
2896 9591282 9591716 
2897 9591717 9592151 
2898 9592152 9592586 
2899 9592587 9593018 
2900 9593019 9593444 
2901 9593445 9593881 
2902 9593882 9594325 
2903 9594326 9594752 
2904 9594753 9595171 
2905 9595172 9595571 
2906 9595572 9596014 
2907 9596015 9596436 
2908 9596437 9596862 
2909 9596863 9597048 
2910 9597049 9597469 
2911 9597470 9597901 
2912 9597902 9598268 
2913 9598269 9598700 
2914 9598701 9599132 
2915 9599133 9599553 
2916 9599554 9599968 
2917 9599969 9600388 
2918 9600389 9600816 
2919 9600817 9601259 
2920 9601260 9601593 
2921 9601594 9601993 
2922 9601994 9602420 
2923 9602421 9602841 
2924 9602842 9603241 
2925 9603242 9603666 
2926 9603667 9604088 
2927 9604089 9604488 
2928 9604489 9604929 
2929 9604930 9605348 
2930 9605349 9605763 
2931 9605764 9606180 
2932 9606181 9606607 
2933 9606608 9607046 
2934 9607047 9607446 
2935 9607447 9607528 
2936 9607529 9607610 
2937 9607611 9608037 
2938 9608038 9608456 
2939 9608457 9608540 
2940 9608541 9608624 
2941 9608625 9609061 
2942 9609062 9609461 
2943 9609462 9609893 
2944 9609894 9610332 
2945 9610333 9610767 
2946 9610768 9611208 
2947 9611209 9611644 
2948 9611645 9612084 
2949 9612085 9612518 
2950 9612519 9612950 
2951 9612951 9613370 
2952 9613371 9613804 
2953 9613805 9614231 
2954 9614232 9614663 
2955 9614664 9615086 
2956 9615087 9615520 
2957 9615521 9615931 
2958 9615932 9616358 
2959 9616359 9616785 
2960 9616786 9617223 
2961 9617224 9617645 
2962 9617646 9618066 
2963 9618067 9618485 
2964 9618486 9618915 
2965 9618916 9619358 
2966 9619359 9619737 
2967 9619738 9620169 
2968 9620170 9620599 
2969 9620600 9621020 
2970 9621021 9621442 
2971 9621443 9621875 
2972 9621876 9622299 
2973 9622300 9622728 
2974 9622729 9623155 
2975 9623156 9623588 
2976 9623589 9624024 
2977 9624025 9624449 
2978 9624450 9624882 
2979 9624883 9625320 
2980 9625321 9625758 
2981 9625759 9626180 
2982 9626181 9626611 
2983 9626612 9627034 
2984 9627035 9627455 
2985 9627456 9627874 
2986 9627875 9628305 
2987 9628306 9628747 
2988 9628748 9629126 
2989 9629127 9629559 
2990 9629560 9629978 
2991 9629979 9630405 
2992 9630406 9630827 
2993 9630828 9631260 
2994 9631261 9631690 
2995 9631691 9632113 
2996 9632114 9632546 
2997 9632547 9632978 
2998 9632979 9633401 
2999 9633402 9633823 
3000 9633824 9634244 
3001 9634245 9634676 
3002 9634677 9635119 
3003 9635120 9635500 
3004 9635501 9635931 
3005 9635932 9636360 
3006 9636361 9636780 
3007 9636781 9637213 
3008 9637214 9637644 
3009 9637645 9638061 
3010 9638062 9638489 
3011 9638490 9638915 
3012 9638916 9639347 
3013 9639348 9639752 
3014 9639753 9640131 
3015 9640132 9640562 
3016 9640563 9640992 
3017 9640993 9641428 
3018 9641429 9641853 
3019 9641854 9642276 
3020 9642277 9642696 
3021 9642697 9643128 
3022 9643129 9643571 
3023 9643572 9644000 
3024 9644001 9644423 
3025 9644424 9644855 
3026 9644856 9645288 
3027 9645289 9645717 
3028 9645718 9646154 
3029 9646155 9646582 
3030 9646583 9647015 
3031 9647016 9647449 
3032 9647450 9647872 
3033 9647873 9648295 
3034 9648296 9648717 
3035 9648718 9649149 
3036 9649150 9649592 
3037 9649593 9649971 
3038 9649972 9650404 
3039 9650405 9650833 
3040 9650834 9651252 
3041 9651253 9651685 
3042 9651686 9652113 
3043 9652114 9652554 
3044 9652555 9652982 
3045 9652983 9653401 
3046 9653402 9653835 
3047 9653836 9654261 
3048 9654262 9654684 
3049 9654685 9655108 
3050 9655109 9655541 
3051 9655542 9655985 
3052 9655986 9656418 
3053 9656419 9656797 
3054 9656798 9657241 
3055 9657242 9657669 
3056 9657670 9658092 
3057 9658093 9658525 
3058 9658526 9658970 
3059 9658971 9659406 
3060 9659407 9659835 
3061 9659836 9660262 
3062 9660263 9660694 
3063 9660695 9661107 
3064 9661108 9661538 
3065 9661539 9661968 
3066 9661969 9662404 
3067 9662405 9662830 
3068 9662831 9663248 
3069 9663249 9663671 
3070 9663672 9664103 
3071 9664104 9664548 
3072 9664549 9664927 
3073 9664928 9665344 
3074 9665345 9665777 
3075 9665778 9666210 
3076 9666211 9666639 
3077 9666640 9667061 
3078 9667062 9667484 
3079 9667485 9667917 
3080 9667918 9668343 
3081 9668344 9668770 
3082 9668771 9669203 
3083 9669204 9669635 
3084 9669636 9670060 
3085 9670061 9670483 
3086 9670484 9670909 
3087 9670910 9671343 
3088 9671344 9671787 
3089 9671788 9672168 
3090 9672169 9672601 
3091 9672602 9673029 
3092 9673030 9673450 
3093 9673451 9673875 
3094 9673876 9674301 
3095 9674302 9674729 
3096 9674730 9675109 
3097 9675110 9675532 
3098 9675533 9675949 
3099 9675950 9676383 
3100 9676384 9676810 
3101 9676811 9677233 
3102 9677234 9677655 
3103 9677656 9678087 
3104 9678088 9678531 
3105 9678532 9678965 
3106 9678966 9679394 
3107 9679395 9679815 
3108 9679816 9680249 
3109 9680250 9680697 
3110 9680698 9681122 
3111 9681123 9681554 
3112 9681555 9681992 
3113 9681993 9682423 
3114 9682424 9682851 
3115 9682852 9683285 
3116 9683286 9683697 
3117 9683698 9684127 
3118 9684128 9684559 
3119 9684560 9684992 
3120 9684993 9685417 
3121 9685418 9685839 
3122 9685840 9686269 
3123 9686270 9686711 
3124 9686712 9687092 
3125 9687093 9687526 
3126 9687527 9687956 
3127 9687957 9688376 
3128 9688377 9688810 
3129 9688811 9689244 
3130 9689245 9689668 
3131 9689669 9690102 
3132 9690103 9690543 
3133 9690544 9690971 
3134 9690972 9691393 
3135 9691394 9691811 
3136 9691812 9692230 
3137 9692231 9692661 
3138 9692662 9693103 
3139 9693104 9693483 
3140 9693484 9693917 
3141 9693918 9694357 
3142 9694358 9694785 
3143 9694786 9695204 
3144 9695205 9695638 
3145 9695639 9696080 
3146 9696081 9696519 
3147 9696520 9696953 
3148 9696954 9697334 
3149 9697335 9697767 
3150 9697768 9698201 
3151 9698202 9698620 
3152 9698621 9699054 
3153 9699055 9699486 
3154 9699487 9699909 
3155 9699910 9700338 
3156 9700339 9700772 
3157 9700773 9701192 
3158 9701193 9701638 
3159 9701639 9702067 
3160 9702068 9706949 
3161 9706950 9716502 
3162 9716503 9717927 
3163 9717928 9718486 
3164 9718487 9719047 
3165 9719048 9721772 
3166 9721773 9723450 
3167 9723451 9725560 
3168 9725561 9728525 
3169 9728526 9731218 
3170 9731219 9733961 
3171 9733962 9736809 
3172 9736810 9739033 
3173 9739034 9741329 
3174 9741330 9743683 
3175 9743684 9744342 
3176 9744343 9745737 
3177 9745738 9751377 
3178 9751378 9753779 
3179 9753780 9754867 
3180 9754868 9756699 
3181 9756700 9758060 
3182 9758061 9760752 
3183 9760753 9766350 
3184 9766351 9767385 
3185 9767386 9770025 
3186 9770026 9771703 
3187 9771704 9772765 
3188 9772766 9773713 
3189 9773714 9775328 
3190 9775329 9781115 
3191 9781116 9782729 
3192 9782730 9785988 
3193 9785989 9787417 
3194 9787418 9787873 
3195 9787874 9790387 
3196 9790388 9791108 
3197 9791109 9796693 
3198 9796694 9801723 
3199 9801724 9803164 
3200 9803165 9803750 
3201 9803751 9804374 
3202 9804375 9806681 
3203 9806682 9812311 
3204 9812312 9815847 
3205 9815848 9819319 
3206 9819320 9822962 
3207 9822963 9826566 
3208 9826567 9830131 
3209 9830132 9833735 
3210 9833736 9834170 
3211 9834171 9839777 
3212 9839778 9840284 
3213 9840285 9842869 
3214 9842870 9845561 
3215 9845562 9846485 
3216 9846486 9847589 
3217 9847590 9855010 
3218 9855011 9856320 
3219 9856321 9858430 
3220 9858431 9860312 
3221 9860313 9861577 
3222 9861578 9862389 
3223 9862390 9863892 
3224 9863893 9866316 
3225 9866317 9868041 
3226 9868042 9884872 
3227 9884873 9886241 
3228 9886242 9890884 
3229 9890885 9892818 
3230 9892819 9895447 
3231 9895448 9901554 
3232 9901555 9901900 
3233 9901901 9905742 
3234 9905743 9907575 
3235 9907576 9908591 
3236 9908592 9913050 
3237 9913051 9913703 
3238 9913704 9915639 
3239 9915640 9917359 
3240 9917360 9921339 
3241 9921340 9925852 
3242 9925853 9934876 
3243 9934877 9938826 
3244 9938827 9941355 
3245 9941356 9941991 
3246 9941992 9942595 
3247 9942596 9943327 
3248 9943328 9944198 
3249 9944199 9945641 
3250 9945642 9948259 
3251 9948260 9949016 
3252 9949017 9949932 
3253 9949933 9965336 
3254 9965337 9971564 
3255 9971565 9985268 
3256 9985269 9985804 
3257 9985805 9988383 
3258 9988384 9990213 
3259 9990214 9992631 
3260 9992632 9995140 
3261 9995141 9996724 
3262 9996725 10016606 
3263 10016607 10025415 
3264 10025416 10028807 
3265 10028808 10032143 
3266 10032144 10035320 
3267 10035321 10038454 
3268 10038455 10038678 
3269 10038679 10041357 
3270 10041358 10045240 
3271 10045241 10047994 
3272 10047995 10048720 
3273 10048721 10052375 
3274 10052376 10080760 
3275 10080761 10084741 
3276 10084742 10091944 
3277 10091945 10101010 
3278 10101011 10131128 
3279 10131129 10150617 
3280 10150618 10151318 
3281 10151319 10151722 
3282 10151723 10153828 
3283 10153829 10155261 
3284 10155262 10159955 
3285 10159956 10163041 
3286 10163042 10166877 
3287 10166878 10169201 
3288 10169202 10173568 
3289 10173569 10174512 
3290 10174513 10176294 
3291 10176295 10176751 
3292 10176752 10176969 
3293 10176970 10186629 
3294 10186630 10188702 
3295 10188703 10189306 
3296 10189307 10192663 
3297 10192664 10193391 
3298 10193392 10195740 
3299 10195741 10198636 
3300 10198637 10198747 
3301 10198748 10205742 
3302 10205743 10224540 
3303 10224541 10230009 
3304 10230010 10231100 
3305 10231101 10233069 
3306 10233070 10235224 
3307 10235225 10237613 
3308 10237614 10246355 
3309 10246356 10249811 
3310 10249812 10251960 
3311 10251961 10273847 
3312 10273848 10274507 
3313 10274508 10274711 
3314 10274712 10275626 
3315 10275627 10279234 
3316 10279235 10280157 
3317 10280158 10283495 
3318 10283496 10286557 
3319 10286558 10287923 
3320 10287924 10289066 
3321 10289067 10290862 
3322 10290863 10292799 
3323 10292800 10293890 
3324 10293891 10297531 
3325 10297532 10297874 
3326 10297875 10304129 
3327 10304130 10306488 
3328 10306489 10309930 
3329 10309931 10310541 
3330 10310542 10311600 
3331 10311601 10313808 
3332 10313809 10314288 
3333 10314289 10314874 
3334 10314875 10319709 
3335 10319710 10323193 
3336 10323194 10324990 
3337 10324991 10327986 
3338 10327987 10330653 
3339 10330654 10338040 
3340 10338041 10338293 
3341 10338294 10338648 
3342 10338649 10349696 
3343 10349697 10354015 
3344 10354016 10357522 
3345 10357523 10366345 
3346 10366346 10369543 
3347 10369544 10371401 
3348 10371402 10373187 
3349 10373188 10380141 
3350 10380142 10386391 
3351 10386392 10389891 
3352 10389892 10391937 
3353 10391938 10406692 
3354 10406693 10412909 
3355 10412910 10414034 
3356 10414035 10415797 
3357 10415798 10418565 
3358 10418566 10420977 
3359 10420978 10422947 
3360 10422948 10424372 
3361 10424373 10424940 
3362 10424941 10426167 
3363 10426168 10426714 
3364 10426715 10426912 
3365 10426913 10430681 
3366 10430682 10433561 
3367 10433562 10437538 
3368 10437539 10444979 
3369 10444980 10450241 
3370 10450242 10451408 
3371 10451409 10452424 
3372 10452425 10453186 
3373 10453187 10454848 
3374 10454849 10457098 
3375 10457099 10462418 
3376 10462419 10470349 
3377 10470350 10472629 
3378 10472630 10473368 
3379 10473369 10474036 
3380 10474037 10475508 
3381 10475509 10477556 
3382 10477557 10484667 
3383 10484668 10486132 
3384 10486133 10490740 
3385 10490741 10493015 
3386 10493016 10496474 
3387 10496475 10498973 
3388 10498974 10505757 
3389 10505758 10507864 
3390 10507865 10510706 
3391 10510707 10515124 
3392 10515125 10517460 
3393 10517461 10520132 
3394 10520133 10521868 
3395 10521869 10522976 
3396 10522977 10527535 
3397 10527536 10528982 
3398 10528983 10529798 
3399 10529799 10531228 
3400 10531229 10532850 
3401 10532851 10537284 
3402 10537285 10538800 
3403 10538801 10541298 
3404 10541299 10550478 
3405 10550479 10552195 
3406 10552196 10554602 
3407 10554603 10563523 
3408 10563524 10566908 
3409 10566909 10572885 
3410 10572886 10576061 
3411 10576062 10578845 
3412 10578846 10586534 
3413 10586535 10588081 
3414 10588082 10590082 
3415 10590083 10591515 
3416 10591516 10592321 
3417 10592322 10593817 
3418 10593818 10595401 
3419 10595402 10602631 
3420 10602632 10605611 
3421 10605612 10607119 
3422 10607120 10608364 
3423 10608365 10615886 
3424 10615887 10617706 
3425 10617707 10619639 
3426 10619640 10621215 
3427 10621216 10622741 
3428 10622742 10624655 
3429 10624656 10625646 
3430 10625647 10633548 
3431 10633549 10644902 
3432 10644903 10646751 
3433 10646752 10650166 
3434 10650167 10655123 
3435 10655124 10660247 
3436 10660248 10665199 
3437 10665200 10671350 
3438 10671351 10672159 
3439 10672160 10679180 
3440 10679181 10681934 
3441 10681935 10691274 
3442 10691275 10695310 
3443 10695311 10701547 
3444 10701548 10704249 
3445 10704250 10705659 
3446 10705660 10708386 
3447 10708387 10711572 
3448 10711573 10713133 
3449 10713134 10718471 
3450 10718472 10727315 
3451 10727316 10729394 
3452 10729395 10737603 
3453 10737604 10744179 
3454 10744180 10750449 
3455 10750450 10753925 
3456 10753926 10757078 
3457 10757079 10759758 
3458 10759759 10762968 
3459 10762969 10763233 
3460 10763234 10765181 
3461 10765182 10768878 
3462 10768879 10772276 
3463 10772277 10774970 
3464 10774971 10778326 
3465 10778327 10780799 
3466 10780800 10787149 
3467 10787150 10796370 
3468 10796371 10804616 
3469 10804617 10814924 
3470 10814925 10824381 
3471 10824382 10834438 
3472 10834439 10842174 
3473 10842175 10847436 
3474 10847437 10853461 
3475 10853462 10860728 
3476 10860729 10864067 
3477 10864068 10867837 
3478 10867838 10870001 
3479 10870002 10871350 
3480 10871351 10872810 
3481 10872811 10875724 
3482 10875725 10879001 
3483 10879002 10884730 
3484 10884731 10888127 
3485 10888128 10892498 
3486 10892499 10895808 
3487 10895809 10907174 
3488 10907175 10912112 
3489 10912113 10916715 
3490 10916716 10917578 
3491 10917579 10921533 
3492 10921534 10924980 
3493 10924981 10928232 
3494 10928233 10932911 
3495 10932912 10937254 
3496 10937255 10945016 
3497 10945017 10947045 
3498 10947046 10952356 
3499 10952357 10956544 
3500 10956545 10962892 
3501 10962893 10967482 
3502 10967483 10969442 
3503 10969443 10970758 
3504 10970759 10973873 
3505 10973874 10978275 
3506 10978276 10982192 
3507 10982193 10988216 
3508 10988217 10996622 
3509 10996623 10998262 
3510 10998263 11003847 
3511 11003848 11010913 
3512 11010914 11012027 
3513 11012028 11015267 
3514 11015268 11019194 
3515 11019195 11020634 
3516 11020635 11027745 
3517 11027746 11030310 
3518 11030311 11040269 
3519 11040270 11044338 
3520 11044339 11049956 
3521 11049957 11050567 
3522 11050568 11054106 
3523 11054107 11055861 
3524 11055862 11059392 
3525 11059393 11060808 
3526 11060809 11063281 
3527 11063282 11065752 
3528 11065753 11066040 
3529 11066041 11069958 
3530 11069959 11075831 
3531 11075832 11077347 
3532 11077348 11080693 
3533 11080694 11082918 
3534 11082919 11088517 
3535 11088518 11093258 
3536 11093259 11094003 
3537 11094004 11095120 
3538 11095121 11096979 
3539 11096980 11100843 
3540 11100844 11104111 
3541 11104112 11104521 
3542 11104522 11108355 
3543 11108356 11111079 
3544 11111080 11113746 
3545 11113747 11117068 
3546 11117069 11122494 
3547 11122495 11126957 
3548 11126958 11131856 
3549 11131857 11134368 
3550 11134369 11143365 
3551 11143366 11152597 
3552 11152598 11157931 
3553 11157932 11165100 
3554 11165101 11167524 
3555 11167525 11175680 
3556 11175681 11176799 
3557 11176800 11178500 
3558 11178501 11181411 
3559 11181412 11185780 
3560 11185781 11187579 
3561 11187580 11188588 
3562 11188589 11189610 
3563 11189611 11194700 
3564 11194701 11197312 
3565 11197313 11201130 
3566 11201131 11202070 
3567 11202071 11203911 
3568 11203912 11205036 
3569 11205037 11207642 
3570 11207643 11209047 
3571 11209048 11209590 
3572 11209591 11209916 
3573 11209917 11210599 
3574 11210600 11211062 
3575 11211063 11211411 
3576 11211412 11211784 
3577 11211785 11212928 
3578 11212929 11216256 
3579 11216257 11219772 
3580 11219773 11220060 
3581 11220061 11221933 
3582 11221934 11223063 
3583 11223064 11226235 
3584 11226236 11229322 
3585 11229323 11234456 
3586 11234457 11237291 
3587 11237292 11240918 
3588 11240919 11244026 
3589 11244027 11246889 
3590 11246890 11248634 
3591 11248635 11251656 
3592 11251657 11253374 
3593 11253375 11263258 
3594 11263259 11266889 
3595 11266890 11270123 
3596 11270124 11274163 
3597 11274164 11275477 
3598 11275478 11276764 
3599 11276765 11278939 
3600 11278940 11280708 
3601 11280709 11283620 
3602 11283621 11286203 
3603 11286204 11288380 
3604 11288381 11288673 
3605 11288674 11291657 
3606 11291658 11293583 
3607 11293584 11303597 
3608 11303598 11304539 
3609 11304540 11305664 
3610 11305665 11310657 
3611 11310658 11317127 
3612 11317128 11324746 
3613 11324747 11325962 
3614 11325963 11327541 
3615 11327542 11329588 
3616 11329589 11332810 
3617 11332811 11334558 
3618 11334559 11336446 
3619 11336447 11342295 
3620 11342296 11344144 
3621 11344145 11345425 
3622 11345426 11346350 
3623 11346351 11349358 
3624 11349359 11355499 
3625 11355500 11357319 
3626 11357320 11359538 
3627 11359539 11361965 
3628 11361966 11364374 
3629 11364375 11367803 
3630 11367804 11369010 
3631 11369011 11377340 
3632 11377341 11381074 
3633 11381075 11391338 
3634 11391339 11398361 
3635 11398362 11401553 
3636 11401554 11407876 
3637 11407877 11412057 
3638 11412058 11416546 
3639 11416547 11419358 
3640 11419359 11420491 
3641 11420492 11423352 
3642 11423353 11425124 
3643 11425125 11426592 
3644 11426593 11428114 
3645 11428115 11429946 
3646 11429947 11431857 
3647 11431858 11432628 
3648 11432629 11434333 
3649 11434334 11438071 
3650 11438072 11440052 
3651 11440053 11445235 
3652 11445236 11446796 
3653 11446797 11448500 
3654 11448501 11450857 
3655 11450858 11453042 
3656 11453043 11455016 
3657 11455017 11456625 
3658 11456626 11458827 
3659 11458828 11463609 
3660 11463610 11477094 
3661 11477095 11477886 
3662 11477887 11492205 
3663 11492206 11493890 
3664 11493891 11495319 
3665 11495320 11496245 
3666 11496246 11497584 
3667 11497585 11499178 
3668 11499179 11505068 
3669 11505069 11507880 
3670 11507881 11510778 
3671 11510779 11512971 
3672 11512972 11514744 
3673 11514745 11517422 
3674 11517423 11522677 
3675 11522678 11537867 
3676 11537868 11544946 
3677 11544947 11548147 
3678 11548148 11551233 
3679 11551234 11553598 
3680 11553599 11556368 
3681 11556369 11557493 
3682 11557494 11559554 
3683 11559555 11564607 
3684 11564608 11565997 
3685 11565998 11567104 
3686 11567105 11568873 
3687 11568874 11570735 
3688 11570736 11573126 
3689 11573127 11574437 
3690 11574438 11575738 
3691 11575739 11576938 
3692 11576939 11579208 
3693 11579209 11579760 
3694 11579761 11582759 
3695 11582760 11583310 
3696 11583311 11589476 
3697 11589477 11594988 
3698 11594989 11605483 
3699 11605484 11609573 
3700 11609574 11615771 
3701 11615772 11618611 
3702 11618612 11624516 
3703 11624517 11630403 
3704 11630404 11631905 
3705 11631906 11638195 
3706 11638196 11641288 
3707 11641289 11647803 
3708 11647804 11656622 
3709 11656623 11657830 
3710 11657831 11660539 
3711 11660540 11662097 
3712 11662098 11667884 
3713 11667885 11674451 
3714 11674452 11680561 
3715 11680562 11686788 
3716 11686789 11696264 
3717 11696265 11705767 
3718 11705768 11706756 
3719 11706757 11707278 
3720 11707279 11708239 
3721 11708240 11711835 
3722 11711836 11712324 
3723 11712325 11717655 
3724 11717656 11718866 
3725 11718867 11721443 
3726 11721444 11723499 
3727 11723500 11735543 
3728 11735544 11737948 
3729 11737949 11763841 
3730 11763842 11767354 
3731 11767355 11771180 
3732 11771181 11783419 
3733 11783420 11787639 
3734 11787640 11791324 
3735 11791325 11805778 
3736 11805779 11817836 
3737 11817837 11821299 
3738 11821300 11822707 
3739 11822708 11831583 
3740 11831584 11833167 
3741 11833168 11833674 
3742 11833675 11836714 
3743 11836715 11839340 
3744 11839341 11844966 
3745 11844967 11854387 
3746 11854388 11858224 
3747 11858225 11859167 
3748 11859168 11860730 
3749 11860731 11866054 
3750 11866055 11870442 
3751 11870443 11874754 
3752 11874755 11878948 
3753 11878949 11880591 
3754 11880592 11884760 
3755 11884761 11888211 
3756 11888212 11894193 
3757 11894194 11898184 
3758 11898185 11899066 
3759 11899067 11899574 
3760 11899575 11908243 
3761 11908244 11911997 
3762 11911998 11918809 
3763 11918810 11920153 
3764 11920154 11922428 
3765 11922429 11923289 
3766 11923290 11924085 
3767 11924086 11924872 
3768 11924873 11929966 
3769 11929967 11940749 
3770 11940750 11941268 
3771 11941269 11941706 
3772 11941707 11945545 
3773 11945546 11955391 
3774 11955392 11956493 
3775 11956494 11957166 
3776 11957167 11957568 
3777 11957569 11958325 
3778 11958326 11958820 
3779 11958821 11960363 
3780 11960364 11972447 
3781 11972448 11976576 
3782 11976577 11987553 
3783 11987554 11990955 
