鼓 2300 
鲜 2295 2296 2297 
魅 2294 
高 2288 2289 2290 2291 2292 2293 
首 2282 2283 2284 
饶 2281 
飞 2278 2279 
风 2269 2270 2271 2272 2273 2274 2275 2276 
颗 2266 
频 2264 2265 
项 2257 
页 2256 
韵 2254 2255 
音 2249 2250 2251 2252 2253 
非 2239 2240 2241 2242 
零 2235 
集 2231 2232 2233 
雅 2230 
难 2224 2225 2226 2227 2228 2229 
隔 2223 
隐 2222 
随 2219 2220 2221 
除 2217 
附 2210 2211 
阶 2209 
阅 2204 
长 2194 2195 2196 
销 2187 2188 2189 2190 
铺 2186 
铸 2185 
钩 2184 
钦 2183 
鉴 2181 
里 2169 
采 2168 
遵 2153 
遭 2151 
遥 2150 
遁 2148 
逼 2147 
逻 2146 
造 2142 2143 2144 2145 
通 2133 2134 2135 2136 2137 2138 2139 2140 
途 2132 
透 2130 2131 
选 2128 2129 
逆 2127 
迭 2115 2116 
近 2081 2082 
迈 2078 
过 2074 2075 2076 2077 
迅 2073 
辩 2069 2070 
辨 2067 2068 
辞 2066 
转 2063 2064 
身 2062 
跨 2058 
鸡 2298 
足 2057 
趋 2055 
起 2050 2051 2052 
走 2047 2048 2049 
赞 2044 2045 
赚 2043 
资 2039 2040 
费 2036 2037 2038 
预 2259 2260 
责 2027 2028 
象 2020 
谙 2018 
读 2006 2007 2008 2009 2010 2011 2012 
领 2261 
诸 2003 2004 2005 
语 1989 1990 1991 1992 1993 1994 1995 1996 
详 1987 1988 
该 1986 
话 1985 
词 1977 
诉 1976 
评 1968 1969 1970 1971 1972 1973 1974 1975 
阐 2205 2206 2207 2208 
许 1955 
记 1954 
锲 2193 
讨 1952 
认 1949 1950 1951 
计 1945 1946 1947 
誉 1944 
规 1928 1929 1930 
要 1918 1919 
表 1909 1910 1911 1912 1913 1914 1915 
行 1907 1908 
融 1906 
蕴 1898 
蔓 1895 
落 1890 
觉 1933 1934 
营 1889 
菊 1888 
著 1891 1892 
荡 1883 
范 1881 1882 
苦 1880 
这 2088 2089 2090 2091 2092 2093 2094 2095 2096 2097 2098 2099 2100 2101 2102 2103 
若 1878 1879 
遴 2152 
论 1956 1957 1958 1959 1960 1961 1962 
艺 1868 1869 1870 1871 1872 1873 1874 1875 
色 1865 1866 1867 
脑 1846 
脉 1844 
能 1839 1840 1841 1842 1843 
肖 1836 
耳 1833 
需 2236 2237 2238 
而 1825 1826 1827 1828 1829 1830 1831 1832 
者 1824 
考 1822 1823 
翻 1820 
美 1808 1809 1810 1811 1812 1813 1814 1815 1816 1817 1818 
置 1807 
罕 1806 
进 2104 2105 2106 2107 2108 2109 2110 2111 2112 2113 2114 
缺 1802 1803 1804 1805 
缘 1799 1800 
编 1794 1795 1796 1797 1798 
综 1791 
绝 1785 1786 
给 1782 1783 1784 
绘 1781 
结 1775 1776 1777 1778 1779 1780 
终 1762 
纳 1753 
纯 1750 1751 1752 
约 1746 1747 1748 1749 
蓝 1893 1894 
红 1745 
繁 1744 
系 1740 
精 1729 1730 1731 1732 1733 1734 1735 1736 1737 1738 1739 
简 1718 1719 
等 1715 1716 1717 
第 1704 1705 1706 1707 1708 1709 1710 1711 1712 1713 
符 1702 1703 
章 1699 1700 1701 
立 1697 1698 
订 1948 
窘 1695 
窃 1694 
迸 2117 
穿 1692 
空 1690 1691 
税 1687 
称 1682 1683 1684 1685 
科 1674 1675 1676 
神 1666 
示 1660 
确 1658 1659 
顾 2258 
破 1656 1657 
短 1653 
脱 1847 1848 
知 1651 1652 
贝 2021 
着 1646 1647 1648 
眼 1645 
看 1636 1637 1638 1639 1640 1641 
直 1614 1615 1616 1617 1618 1619 
问 2200 
跳 2060 2061 
目 1611 1612 1613 
贴 2035 
盛 1610 
益 1607 
管 1720 1721 
盈 1604 1605 1606 
的 1600 1601 1602 1603 
百 1599 
财 2025 2026 
痛 1596 
赫 2046 
疏 1593 1594 
谈 2014 2015 2016 
节 1876 
相 1620 1621 1622 1623 1624 1625 1626 1627 1628 1629 1630 1631 1632 1633 1634 
略 1591 1592 
电 1582 1583 1584 1585 1586 1587 
由 1577 1578 1579 1580 
祭 1667 
用 1573 1574 1575 1576 
甜 1565 
绿 1792 1793 
甚 1564 
瑕 1563 
环 1543 1544 
说 1998 1999 2000 2001 2002 
玛 1542 
王 1541 
玄 1539 
让 1953 
独 1534 1535 1536 1537 1538 
狗 1533 
那 2154 2155 2156 2157 2158 2159 2160 
获 1886 1887 
状 1531 1532 
特 1518 1519 1520 1521 1522 1523 1524 1525 1526 1527 1528 1529 
牵 1517 
物 1515 1516 
牢 1514 
牛 1513 
版 1512 
然 1505 1506 1507 
烛 1503 
： 2305 
炼 1502 
灵 1500 
火 1499 
漫 1495 
演 1493 1494 
漂 1492 
见 1920 
满 1491 
诗 1979 1980 1981 1982 1983 1984 
源 1489 
温 1487 
渗 1484 1485 
清 1476 1477 1478 1479 1480 
淙 1466 
涵 1464 1465 
理 1554 1555 1556 1557 1558 1559 1560 1561 1562 
尔 832 
当 938 939 940 941 942 
疑 1595 
投 1106 1107 
堪 708 
在 687 688 689 690 
驭 2285 
悄 1015 
囿 685 
反 549 550 551 552 
回 664 665 666 
喷 663 
闪 2199 
传 284 
实 798 799 800 801 802 803 804 805 806 807 
经 1763 1764 1765 1766 1767 1768 1769 1770 1771 1772 1773 1774 
响 651 
哈 650 
盖 1609 
暗 1283 1284 
梳 1380 
坚 701 
哇 649 
花 1877 
究 1689 
显 1269 1270 1271 1272 1273 1274 1275 
圆 686 
咏 645 
联 1834 1835 
ì 11 
呢 635 
告 634 
错 2191 2192 
荷 1884 
滋 1490 
判 466 
包 496 497 
〕 28 
妙 765 766 
试 1978 
支 1172 1173 
运 2079 2080 
缜 1801 
思 996 997 998 999 1000 1001 
听 622 623 624 
了 205 206 
含 620 621 
面 2243 2244 2245 2246 2247 
吉 599 
七 67 
别 471 472 473 
否 618 619 
差 862 
喔 662 
吟 617 
发 553 554 555 556 557 558 559 
工 855 856 857 858 859 
散 1188 1189 1190 
呀 633 
始 769 
解 1938 1939 1940 1941 1942 1943 
同 600 601 602 603 
Bai 6 
口 565 
组 1757 1758 1759 
折 1108 
图 676 677 678 679 680 681 682 683 684 
品 647 648 
双 546 547 548 
积 1678 1679 1680 1681 
及 544 545 
却 525 
诱 1997 
广 894 895 
危 520 
谓 2017 
区 500 
间 2201 2202 2203 
官 791 
固 673 674 675 
德 971 
紧 1742 
北 499 
化 498 
动 493 494 
》 24 
感 1041 1042 1043 1044 1045 1046 1047 1048 1049 
加 491 492 
熟 1509 1510 
原 531 532 533 534 535 536 537 
是 1263 1264 1265 1266 1267 1268 
功 489 490 
十 501 502 503 
普 1276 1277 1278 1279 
刺 479 
导 826 827 
人 229 230 231 232 233 234 235 
术 1334 
根 1370 1371 1372 1373 
与 117 118 
刹 478 
到 474 475 476 
女 751 752 753 
熏 1508 
利 467 468 469 470 
） 2302 
单 507 508 509 
培 702 
历 526 527 528 529 530 
文 1195 1196 1197 1198 1199 1200 1201 1202 1203 1204 1205 1206 1207 1208 1209 1210 1211 1212 1213 1214 
印 514 515 516 517 518 519 
真 1642 1643 1644 
凭 426 
准 417 418 
氵 1425 
拘 1114 
冲 413 
冬 412 
向 614 615 
再 401 402 403 404 405 
负 2022 2023 
继 1789 
劈 487 
兽 393 
月 1303 
剖 484 485 
优 282 
买 203 204 
则 455 
矛 1650 
价 272 273 
证 1967 
号 588 
焦 1504 
停 343 
哲 654 655 656 
瞄 1649 
必 979 980 981 982 983 984 985 
义 180 181 
典 392 
牾 1530 
丛 131 
角 1935 1936 1937 
〔 27 
曹 1293 1294 1295 
损 1128 
设 1963 1964 1965 1966 
取 560 
剥 486 
游 1488 
仪 269 270 
堵 709 
陈 2212 2213 
中 153 154 155 156 157 158 159 160 161 162 163 
视 1931 1932 
创 456 457 458 459 460 461 462 
速 2141 
协 505 506 
亲 227 228 
代 252 253 254 
丰 164 165 
云 218 
监 1608 
专 119 120 121 122 123 124 125 126 
浓 1457 
东 132 
或 1067 1068 1069 1070 
白 1597 1598 
注 1439 1440 1441 1442 
均 698 699 
探 1135 1136 1137 
旋 1234 
贯 2034 
沿 1437 
京 226 
申 1581 
古 566 
哪 653 
篇 1722 1723 1724 
它 785 786 
于 213 214 215 
八 371 
六 374 
众 280 281 
无 1235 1236 1237 1238 1239 1240 1241 
陷 2218 
省 1635 
② 20 
熠 1511 
” 17 
步 1402 1403 
— 13 
命 642 
世 128 
五 219 220 221 
深 1467 1468 1469 1470 1471 1472 1473 1474 1475 
呼 641 
自 1849 1850 1851 1852 1853 1854 1855 1856 1857 1858 
块 700 
ǐ 12 
使 310 311 312 
内 394 395 396 397 398 399 
之 182 183 184 185 186 187 188 189 190 191 192 193 194 
书 198 199 200 201 202 
Sci 9 
索 1741 
儒 347 
涉 1463 
《 23 
虽 1903 1904 1905 
未 1322 1323 1324 1325 
制 477 
像 346 
二 211 212 
派 1450 
去 538 
供 316 
。 22 
针 2182 
增 714 
技 1096 1097 1098 1099 
敛 1187 
倘 334 
续 1790 
初 463 464 465 
主 171 172 173 174 175 176 177 178 179 
求 1426 
佳 308 309 
’ 15 
背 1837 1838 
善 661 
共 375 376 
叹 589 
任 274 275 276 
债 338 
购 2033 
綮 1743 
光 358 
且 127 
① 19 
部 2161 2162 2163 2164 
各 590 591 592 593 594 
赏 2041 2042 
变 562 563 564 
只 570 571 572 573 
两 134 135 136 137 138 139 140 141 142 143 144 145 
延 905 
退 2125 
柳 1365 
卖 510 511 
也 196 
下 77 78 79 80 
】 26 
观 1921 1922 1923 1924 1925 1926 1927 
前 480 481 482 483 
习 197 
又 542 543 
致 1862 1863 
多 731 732 733 734 735 736 737 
‘ 14 
、 21 
以 255 256 257 258 259 260 261 262 263 264 265 266 267 268 
循 969 
事 207 208 209 210 
洞 1443 1444 1445 
摇 1167 
 0 
指 1119 1120 1121 1122 1123 1124 
数 1191 
浸 1460 
“ 16 
臻 1864 
三 68 69 70 71 72 
超 2053 2054 
课 2013 
研 1654 1655 
商 660 
境 713 
改 1177 1178 
为 166 167 168 169 170 
体 290 291 292 293 294 295 
199 1 2 3 4 5 
奥 750 
拓 1113 
尘 833 
唉 657 
路 2059 
惯 1024 1025 
从 245 246 247 
息 1012 
质 2029 2030 2031 2032 
笼 1714 
塔 712 
饱 2280 
因 667 668 669 670 671 
丢 133 
后 607 608 609 610 611 612 613 
【 25 
至 1859 1860 1861 
慧 1050 
Pbl 8 
仍 243 244 
亡 222 
机 1336 
教 1184 1185 1186 
产 225 
配 2166 2167 
估 285 
驱 2286 2287 
突 1693 
公 372 373 
雕 2234 
现 1545 1546 1547 1548 1549 1550 1551 1552 1553 
一 29 30 31 32 33 34 35 36 37 38 39 40 41 42 43 44 45 46 47 48 49 50 51 52 53 54 55 56 57 58 59 60 61 62 63 64 65 66 
先 353 354 355 356 357 
某 1362 1363 1364 
便 322 323 324 325 326 
才 1085 1086 
道 2149 
地 691 692 693 694 695 696 697 
可 574 575 576 577 578 579 580 581 582 583 
ｊ 2312 
布 868 
似 287 
会 283 
沉 1432 1433 
健 344 345 
既 1242 1243 1244 1245 1246 
伴 286 
余 298 299 
棘 1381 
莫 1885 
作 300 301 302 303 304 305 306 307 
批 1094 
点 1501 
· 10 
名 604 605 606 
例 313 314 315 
侧 321 
哀 646 
梅 1378 
偏 341 
做 342 
仅 237 238 239 
审 808 809 
沟 1434 
努 495 
促 327 328 
毋 1405 
西 1917 
克 359 360 
受 561 
倒 333 
但 288 289 
全 361 362 363 364 365 366 367 368 369 370 
已 863 864 865 866 
（ 2301 
修 332 
借 335 336 337 
欲 1391 
条 1340 1341 
唯 659 
企 277 278 279 
关 377 378 379 380 381 
凡 424 425 
秀 1670 
Her 7 
严 146 147 
亦 224 
对 818 819 820 821 822 823 824 825 
ｄ 2311 
其 383 384 385 386 387 388 
额 2268 
壮 715 
今 240 
处 717 718 719 720 
执 1089 1090 
复 721 722 723 724 725 726 
忧 987 
杨 1349 
外 727 728 729 730 
快 988 989 
切 450 451 452 
期 1319 1320 
大 738 739 740 741 742 743 744 745 
头 747 748 
陌 2214 
群 1819 
们 271 
个 148 149 150 151 152 
好 754 755 756 757 
他 248 249 250 251 
亏 216 217 
如 758 759 760 761 762 763 
妇 764 
种 1671 1672 1673 
断 1215 
妥 767 768 
媒 771 
渐 1481 1482 1483 
字 772 773 774 
材 1339 
存 775 776 777 
家 811 812 813 
收 1174 1175 
吴 628 
完 787 788 789 
宏 790 
时 1250 1251 1252 1253 1254 1255 1256 
生 1566 1567 1568 1569 1570 1571 1572 
定 792 793 794 795 796 797 
客 810 
追 2118 2119 2120 2121 2122 2123 2124 
容 814 
值 339 340 
富 817 
限 2216 
封 828 
将 829 
基 703 704 705 706 707 
尝 834 
小 830 831 
率 1540 
另 567 568 569 
就 835 836 837 838 839 840 841 842 
充 348 349 350 351 352 
措 1150 
层 848 849 
和 643 644 
斯 1216 1217 
展 850 851 852 
飘 2277 
属 853 
山 854 
社 1661 1662 1663 1664 1665 
左 860 
巧 861 
脍 1845 
吗 616 
市 867 
类 1725 1726 1727 1728 
忘 986 
报 1109 
擅 1169 
模 1386 1387 1388 
师 869 870 
鞭 2248 
帐 871 
带 872 
常 873 874 875 
幻 892 
年 878 879 880 881 
被 1916 
声 716 
幽 893 
凝 419 420 
序 896 
穴 1688 
库 897 
太 746 
应 898 899 900 901 902 903 904 
吸 629 630 631 
建 906 907 908 909 
适 2126 
情 1016 1017 1018 1019 1020 1021 1022 1023 
上 73 74 75 76 
揭 1164 
麻 2299 
都 2165 
吻 632 
并 882 883 884 885 886 887 888 889 890 891 
异 918 919 920 921 
式 922 
整 1192 1193 1194 
推 1141 1142 1143 1144 1145 1146 1147 1148 1149 
统 1787 1788 
周 636 637 638 639 640 
南 512 513 
唐 658 
格 1374 1375 1376 
什 236 
弛 928 
张 929 
尴 843 
弥 930 
没 1435 1436 
出 427 428 429 430 431 432 433 434 435 436 437 438 439 440 441 442 443 444 
形 943 944 945 946 947 948 949 950 951 
流 1451 1452 1453 1454 1455 1456 
彩 952 
达 2071 
影 953 
合 595 596 597 598 
标 1366 1367 1368 1369 
彻 954 955 
刊 453 
升 504 
往 956 
很 958 959 960 961 962 
学 778 779 780 781 782 783 784 
手 1084 
尽 844 845 846 
得 963 964 965 966 967 968 
还 2083 2084 2085 2086 2087 
轻 2065 
交 223 
按 1125 1126 
微 970 
恰 1013 1014 
找 1095 
心 972 973 974 975 976 977 978 
介 241 242 
拟 1115 1116 
念 990 
密 815 816 
忽 991 
程 1686 
援 1165 
窥 1696 
江 1428 
态 992 
怎 993 994 
怒 995 
攀 1171 
据 1130 1131 
急 1002 
性 1003 
贡 2024 
界 1590 
怪 1004 
开 910 911 912 913 914 915 916 917 
总 1005 1006 1007 1008 1009 1010 
抓 1105 
恪 1011 
惰 1026 
打 1087 
史 584 585 586 587 
智 1282 
末 1326 
想 1027 1028 1029 
愉 1030 
意 1031 1032 1033 1034 1035 1036 1037 1038 1039 1040 
激 1496 1497 1498 
决 414 415 416 
掌 1132 
懂 1051 1052 
来 1342 1343 1344 1345 1346 1347 1348 
归 935 936 937 
成 1053 1054 1055 1056 1057 1058 1059 1060 1061 1062 1063 
杰 1350 
迄 2072 
我 1064 1065 1066 
乒 195 
所 1071 1072 1073 1074 1075 1076 1077 1078 1079 1080 1081 1082 1083 
扣 1088 
画 1588 1589 
扮 1093 
操 1170 
抑 1103 
抒 1104 
困 672 
业 129 130 
抽 1110 
拆 1111 1112 
拿 1117 
颇 2262 2263 
平 876 877 
持 1118 
挣 1127 
分 445 446 447 448 449 
换 1129 
把 1100 1101 1102 
排 1133 1134 
林 1360 
汪 1429 1430 1431 
接 1138 1139 1140 
趣 2056 
描 1151 1152 1153 
提 1154 1155 1156 1157 1158 1159 1160 1161 
握 1162 1163 
老 1821 
搞 1166 
春 1262 
启 625 626 627 
依 317 318 319 320 
摹 1168 
攸 1176 
刘 454 
最 1297 1298 1299 1300 1301 1302 
降 2215 
攻 1179 
信 329 330 331 
效 1180 1181 1182 
姑 770 
册 400 
具 389 390 391 
敏 1183 
新 1218 1219 1220 1221 1222 1223 1224 1225 
力 488 
几 421 422 423 
方 1226 1227 1228 1229 1230 1231 
秩 1677 
离 1668 1669 
参 539 540 541 
毛 1418 
施 1232 
谛 2019 
强 931 932 933 934 
旁 1233 
… 18 
框 1377 
重 2170 2171 2172 2173 2174 2175 
日 1247 
套 749 
早 1248 1249 
塑 710 711 
兴 382 
明 1257 1258 1259 1260 1261 
何 296 297 
景 1280 1281 
局 847 
有 1304 1305 1306 1307 1308 1309 1310 1311 1312 1313 1314 1315 1316 1317 
曲 1285 
门 2197 2198 
曾 1296 
更 1286 1287 1288 1289 1290 1291 1292 
服 1318 
朦 1321 
渠 1486 
本 1327 1328 1329 1330 1331 1332 1333 
不 81 82 83 84 85 86 87 88 89 90 91 92 93 94 95 96 97 98 99 100 101 102 103 104 105 106 107 108 109 110 111 112 113 114 115 116 
朱 1335 
杂 1337 
李 1338 
线 1755 1756 
极 1351 1352 1353 1354 
构 1355 1356 1357 1358 1359 
枫 1361 
； 2306 
梦 1379 
引 923 924 925 926 927 
概 1382 1383 1384 1385 
纵 1754 
写 406 407 408 409 410 411 
欣 1389 1390 
扬 1091 1092 
款 1392 
虚 1899 1900 1901 1902 
正 1393 1394 1395 
氐 1420 
殊 1404 
题 2267 
蔡 1896 1897 
每 1406 1407 1408 1409 
比 1410 1411 1412 1413 1414 
毕 1415 1416 1417 
氏 1419 
金 2176 2177 2178 2179 2180 
民 1421 
此 1396 1397 1398 1399 1400 1401 
水 1422 1423 1424 
汇 1427 
径 957 
法 1438 
洪 1446 
即 521 522 523 524 
活 1447 1448 1449 
细 1760 1761 
哟 652 
浮 1458 
海 1459 
消 1461 1462 
